JV0853	99	119	160	160	193	193	238	246	288	288	99	115	169	169	236	236	282	286	124	124	169	175	212	216	251	299	200	200	239	239	294	294	263612.11	4044162.81
JV0854	117	117	160	160	193	193	238	238	288	288	99	115	175	175	236	236	282	282	124	128	169	169	216	216	251	299	200	206	239	239	294	294	263613.44	4044165.6
JV0852	117	119	160	160	193	193	238	238	277	277	115	115	165	175	236	236	282	282	124	124	169	169	216	216	251	265	200	206	239	239	294	294	263613.34	4044166.48
JV0851	99	115	160	160	193	193	240	246	288	292	99	119	165	169	232	234	286	286	124	124	169	175	216	218	250	299	178	200	235	239	294	294	263622.93	4044166.66
JV0855	99	117	160	160	193	193	238	238	277	288	99	119	154	169	234	236	282	286	124	124	169	175	216	218	250	265	200	200	239	239	294	294	263625.47	4044168.43
JV0624	117	119	160	160	193	193	238	238	277	288	99	115	165	171	236	236	282	282	124	124	169	169	214	216	251	299	200	202	239	239	294	294	263635.84	4044167.12
JV0622	117	117	160	160	193	193	238	240	288	288	99	115	165	169	232	236	282	286	124	128	169	175	216	218	251	299	178	200	235	239	288	294	263647.76	4044154.82
JV0619	117	119	160	160	193	193	238	240	277	288	99	117	165	175	236	236	282	286	124	128	169	169	216	216	299	299	200	200	239	239	294	294	263649.85	4044151.53
JV0620	101	119	158	160	193	193	240	240	288	288	99	99	169	175	234	236	286	286	124	124	169	173	212	216	299	299	200	200	239	239	294	294	263654.32	4044148.25
JV0621	101	117	160	160	193	193	240	240	288	288	99	117	154	169	234	236	282	282	124	124	169	175	212	218	299	299	200	200	239	239	294	294	263654.08	4044146.92
JV0618	117	117	160	160	188	193	238	238	277	277	99	115	169	175	236	236	282	282	124	128	169	175	216	216	265	299	200	200	239	239	294	294	263670.11	4044138.74
JV0617	117	117	160	160	188	193	240	240	277	288	115	117	154	175	236	236	282	282	124	124	169	175	212	218	251	265	200	204	239	239	294	294	263674.92	4044138.11
JV0616	119	119	158	160	193	193	240	246	288	288	99	99	165	175	234	234	286	286	124	124	169	173	216	216	299	299	200	200	239	239	294	294	263678.68	4044138.41
JV0615	99	117	160	160	193	193	238	246	277	288	115	119	165	169	234	236	282	286	124	124	173	175	216	216	250	251	200	204	239	239	294	294	263679.42	4044135.86
JV0614	99	117	160	160	193	193	238	240	288	288	99	117	165	169	234	236	286	286	124	124	169	169	212	216	254	299	200	200	239	239	288	294	263683.09	4044133.1
JV0613	117	117	160	160	193	193	238	238	277	288	115	115	165	169	236	236	282	282	124	128	169	175	216	216	251	265	200	200	239	239	294	294	263752.61	4044081.74
JV0612	117	119	160	160	193	193	238	238	288	288	115	115	165	165	236	236	282	282	122	124	169	175	216	216	251	265	200	202	239	239	294	294	263755.73	4044082.54
JV0611	117	117	160	160	193	193	238	238	288	288	99	115	169	175	236	236	282	282	124	128	175	175	216	216	265	299	200	206	239	239	294	294	263760.43	4044083.14
JV0610	117	119	160	160	188	193	238	240	277	288	115	115	165	169	236	236	282	282	124	124	169	169	216	216	251	265	200	200	239	239	294	294	263762.37	4044068.27
JV0609	117	117	160	160	193	193	240	246	277	277	99	99	154	169	234	236	282	286	124	128	169	175	216	216	254	299	200	200	239	239	294	294	263762.87	4044067.41
JV0608	117	119	160	160	193	193	238	240	277	288	99	115	169	169	232	236	282	282	124	124	169	169	212	216	265	297	200	204	239	241	294	294	263768.12	4044066.95
JV0607	117	119	160	160	193	193	238	240	277	277	115	115	154	169	236	236	282	282	122	124	169	169	216	216	265	265	200	200	239	239	294	294	263768.34	4044063.56
JV0604	117	119	160	160	193	193	238	238	277	288	99	115	165	165	236	236	282	282	124	128	169	175	216	216	265	299	200	200	239	239	294	294	263773.59	4044063.57
JV0606	117	117	160	160	193	193	238	240	277	288	115	115	165	165	236	236	282	282	124	124	169	175	216	216	265	265	200	200	239	239	294	294	263772.12	4044060.92
JV0605	117	119	160	160	193	193	238	238	277	277	115	115	165	165	236	236	282	282	124	124	169	175	216	216	265	265	200	200	239	239	294	294	263773.22	4044060.76
JV0603	117	119	160	160	193	193	238	238	277	288	115	115	165	169	236	236	282	282	124	124	169	169	212	216	265	265	200	200	239	239	294	294	263777.92	4044062.46
JV0602	117	119	160	160	193	193	238	238	277	288	99	115	169	169	236	236	282	282	122	124	169	175	216	216	251	299	200	202	239	239	294	294	263783.13	4044056.63
JV0601	117	117	160	160	193	193	246	246	288	288	99	117	165	169	234	236	286	288	124	124	169	175	214	216	254	299	200	204	239	239	294	294	263786.77	4044054.67
JV0800	119	119	160	160	193	193	238	238	277	288	115	115	169	169	236	236	282	282	124	124	169	169	216	216	251	265	200	204	239	239	294	294	263787.93	4044051.96
JV0799	117	117	160	160	193	193	238	238	288	288	99	115	165	169	232	236	282	282	124	124	169	175	212	216	265	297	200	204	239	241	294	294	263791.85	4044047.45
JV0798	117	119	160	160	193	193	238	238	277	277	115	115	165	169	236	236	282	282	124	124	169	175	216	216	251	265	200	200	239	239	294	294	263792.29	4044047.02
JV0797	117	117	160	160	193	193	238	240	288	292	99	115	154	165	236	236	282	286	124	128	169	169	216	216	251	265	200	202	239	243	294	294	263794.26	4044041.33
JV0796	117	119	160	160	193	193	240	242	288	288	115	119	165	165	234	236	282	286	122	124	169	169	216	216	250	265	200	200	239	239	294	294	263798.06	4044044.04
JV0793	115	117	160	164	193	193	240	246	288	288	117	117	169	171	234	236	282	282	124	126	169	173	214	214	254	265	200	200	239	239	294	294	263802.62	4044042.62
JV0792	117	117	160	160	193	193	238	240	277	288	115	117	165	169	236	236	282	282	124	124	169	169	216	218	265	265	200	200	239	239	294	294	263803.95	4044043.38
JV0791	117	119	160	160	193	193	238	238	277	277	115	115	165	169	236	236	282	282	124	124	169	175	216	218	251	265	200	200	239	239	294	294	263806.28	4044026.05
JV0788	119	119	160	160	193	193	238	238	277	288	99	115	165	175	236	236	282	282	128	128	169	169	216	216	265	299	200	200	239	239	294	294	263808.97	4044019.97
JV0789	117	117	160	160	193	193	238	240	277	288	115	115	165	169	236	236	282	282	124	124	175	175	216	216	251	265	200	200	239	239	294	294	263808.93	4044019.77
JV0787	119	119	160	160	193	193	238	238	277	288	115	115	165	165	236	236	282	282	124	128	169	175	212	216	265	265	200	200	239	239	294	294	263811.2	4044013.67
JV0786	119	119	160	160	193	193	238	238	277	288	99	115	165	165	236	236	282	282	124	128	169	175	216	216	265	299	200	200	239	239	294	294	263811.82	4043987.67
