4S0238	110	115	160	160	193	193	240	242	277	288	99	117	154	169	236	-1	282	286	124	128	169	169	216	216	251	297	202	208	239	243	294	305	266918.4	4046752.6
4S0239	101	110	160	160	193	193	240	240	288	288	99	99	165	173	232	236	282	286	124	126	169	169	214	216	250	297	200	202	239	241	294	294	266898.89	4046743.17
4S0237	102	110	160	160	193	193	238	240	288	292	99	117	169	169	234	234	282	286	128	128	169	185	216	216	250	297	202	208	239	239	294	305	266913.26	4046875.08
4S0236	102	115	160	160	193	193	240	240	288	288	117	117	169	169	234	234	282	282	128	128	169	169	214	216	297	297	200	202	239	239	294	294	266847.7	4046841.39
4S0235	102	115	160	160	193	193	240	240	277	288	99	117	165	169	234	236	286	286	122	124	169	169	214	216	297	299	200	202	239	239	294	294	266839.43	4046835.83
4S0234	110	115	160	160	193	193	238	240	288	288	99	117	169	169	232	236	282	282	128	128	169	169	216	216	254	297	200	208	239	241	294	305	266832.43	4046832.19
4S0233	106	115	160	160	193	193	240	240	292	292	117	119	169	169	232	234	282	282	124	124	173	173	212	230	297	297	200	200	239	241	294	294	266828.53	4046831.17
4S0232	115	115	160	160	193	193	240	240	277	288	117	117	165	169	232	234	282	286	110	110	169	179	212	216	297	299	200	202	239	241	294	296	266821.56	4046826.78
4S0231	102	106	160	160	193	193	238	240	288	292	99	99	169	173	234	236	282	282	128	128	173	185	216	216	250	254	200	202	239	239	294	294	266821.28	4046807.17
4S0230	101	102	160	160	193	193	238	238	277	277	99	117	169	169	234	236	282	282	124	128	169	185	216	216	265	297	202	208	239	239	294	305	266815.73	4046804.41
4S0229	115	115	160	160	193	193	238	240	288	288	117	117	169	169	232	234	282	286	110	128	169	173	214	214	297	297	200	202	239	241	294	294	266814.85	4046770.19
4S0228	115	115	160	160	193	193	240	240	277	288	99	117	165	169	232	234	282	282	110	122	169	173	214	214	250	297	200	200	239	241	294	294	266810.06	4046768.09
4S0227	110	115	160	160	193	193	238	238	277	288	99	99	169	169	234	236	282	282	128	128	169	169	216	216	250	297	208	208	239	239	294	305	266792.32	4046751.31
4S0225	102	115	160	160	193	193	238	240	277	288	99	117	169	169	234	234	282	282	122	128	169	173	216	230	250	297	200	202	239	239	294	294	266792.47	4046738.67
4S0226	115	115	160	160	193	193	240	240	277	288	117	117	169	169	232	234	282	286	122	128	169	169	214	216	297	297	200	202	239	241	294	294	266791.24	4046738.3
4S0224	115	115	160	160	193	193	238	240	277	277	99	117	169	169	234	236	282	282	128	128	169	187	216	216	265	297	200	208	239	239	294	294	266794.24	4046735.65
4S0223	101	115	160	160	193	193	240	240	277	292	99	99	169	169	234	236	282	282	122	124	169	169	214	216	250	297	202	208	239	239	294	305	266791.34	4046733.2
4S0222	106	115	160	160	193	193	238	240	277	288	117	117	165	169	234	236	286	286	110	122	169	179	212	216	299	299	200	202	239	239	294	294	266792.37	4046725.27
4S0221	102	110	160	160	193	193	238	240	277	288	99	117	169	169	232	234	282	286	128	128	169	169	214	216	254	297	202	208	239	241	294	305	266791	4046724.19
4S0220	102	115	160	160	193	193	240	240	277	288	117	117	165	169	234	234	282	286	110	110	169	173	216	216	297	299	200	202	239	239	294	294	266790.1	4046721.54
4S0219	115	117	160	160	193	193	242	244	292	292	99	117	169	169	234	236	286	286	128	128	169	169	212	216	299	299	200	202	239	239	294	296	266789.19	4046718.33
4S0218	102	106	160	160	193	193	238	240	277	277	99	117	169	171	234	234	282	282	124	128	173	179	212	230	250	297	200	200	239	239	294	294	266787.87	4046717.44
4S0217	110	115	160	160	193	193	240	240	277	288	99	117	165	169	234	236	282	286	110	124	169	169	214	216	297	297	178	202	239	239	294	294	266784.14	4046711.99
4S0216	115	115	160	160	193	193	238	240	277	277	117	117	169	169	234	234	282	286	122	128	169	169	216	216	297	297	202	202	239	239	294	294	266782.73	4046707.33
4S0215	110	115	160	160	193	193	240	240	277	288	99	117	165	169	232	234	282	286	128	128	169	169	214	216	254	297	202	208	239	241	294	294	266779.8	4046704.48
4S0214	102	115	160	160	193	193	240	240	277	277	99	117	169	169	232	234	282	286	122	128	169	173	214	230	250	297	200	202	239	241	294	294	266780.95	4046681.24
4S0213	106	115	160	160	193	193	240	240	277	288	99	99	165	169	232	232	282	282	124	128	169	173	216	230	254	254	200	202	241	241	294	294	266778.55	4046671.89
4S0211	110	115	160	160	193	193	238	244	277	277	99	117	165	169	232	234	282	286	128	128	169	169	216	216	254	297	178	200	239	241	294	305	266776.37	4046668.5
4S0210	113	115	160	160	193	193	238	240	288	288	99	99	169	169	234	236	282	286	122	128	173	173	212	216	250	254	200	202	239	239	294	294	266776.96	4046655.75
4S0882	102	115	160	160	193	193	240	242	277	277	99	99	165	173	236	236	282	282	124	124	169	179	212	212	251	265	200	202	239	243	294	294	266779.5	4046651.37
4S0883	106	115	160	160	193	193	238	240	277	288	99	117	165	169	232	234	282	286	110	128	169	185	212	214	250	297	202	202	239	241	294	294	266778.52	4046649.98
4S0884	110	115	160	160	193	193	238	240	277	288	99	117	165	165	234	236	286	286	122	128	169	169	214	216	265	297	200	200	239	239	294	305	266780.31	4046648.74
4S0207	115	115	160	160	193	193	238	238	288	288	117	119	165	169	234	234	282	286	122	128	169	169	214	216	250	297	200	202	239	239	294	294	266778.68	4046643.13
4S0203	110	115	160	160	193	193	238	240	277	288	99	117	165	173	234	234	282	286	128	128	169	169	216	216	250	297	200	202	239	239	294	294	266787.29	4046647.83
4S0202	101	115	160	160	193	193	238	240	277	292	99	117	169	169	234	236	282	286	122	128	169	185	216	216	265	297	208	208	239	239	294	294	266787.67	4046647.42
4S0206	115	115	160	160	193	193	238	240	277	292	117	117	169	169	234	236	286	286	110	128	173	179	212	216	297	297	200	208	239	239	294	294	266783.24	4046642.91
4S0206bis	115	115	160	160	193	193	238	240	277	288	99	117	165	169	234	236	282	282	122	124	169	169	216	216	254	299	178	178	239	239	294	305	266783.24	4046642.91
4S0208	102	110	160	160	193	193	238	240	277	292	99	117	169	169	234	236	282	282	128	128	169	169	216	216	265	297	178	208	239	239	294	294	266783.77	4046642.31
4S0204	102	115	160	160	193	193	238	240	277	288	99	117	169	169	234	236	286	286	110	124	173	173	216	216	297	297	200	202	239	239	294	294	266786.02	4046641.51
4S0205	115	115	160	160	193	193	238	240	277	288	99	119	165	171	234	234	282	282	124	126	169	169	214	216	250	269	200	200	239	241	294	294	266788.31	4046644.01
4S0201	115	115	160	160	193	193	238	240	277	277	99	117	169	171	234	234	282	286	122	124	173	173	212	230	250	297	200	202	239	239	294	294	266791.73	4046640.75
4S0200	115	119	160	160	193	193	238	240	277	292	99	117	169	173	234	234	282	286	124	128	169	173	214	216	297	299	200	202	239	239	288	294	266792.34	4046638.02
4S0199	102	115	160	160	193	193	238	240	277	288	99	117	169	173	232	236	286	286	110	124	173	179	212	216	297	297	200	208	239	241	294	294	266792.05	4046637.86
4S0198	102	115	160	160	193	193	240	240	277	277	117	119	154	173	234	234	282	286	122	128	169	173	216	230	267	299	200	202	239	241	294	294	266795.04	4046632.08
4S0196	115	115	160	160	193	193	238	242	292	292	117	119	165	169	-1	-1	282	286	128	128	169	169	214	216	251	299	200	202	241	243	294	294	266792.25	4046631.32
4S0881	117	117	160	160	193	193	238	238	277	292	119	119	169	169	236	236	286	286	124	128	169	169	216	216	267	299	200	200	239	241	294	294	266793.01	4046627.03
4S0195	117	121	160	160	193	193	238	244	277	288	99	117	169	169	234	236	286	286	122	128	169	169	216	230	250	299	200	200	239	239	294	294	266787.32	4046626.42
4S0194	110	115	160	160	193	193	238	240	277	288	99	99	169	169	232	236	282	282	124	128	169	169	216	216	254	297	200	208	239	241	294	305	266788.1	4046623.71
4S0197	102	115	160	160	193	193	238	242	277	277	99	117	169	169	234	236	282	286	128	128	169	173	214	230	250	299	200	202	239	239	288	294	266798.71	4046618.41
4S0193	110	115	160	160	193	193	238	242	277	292	99	119	165	165	234	234	282	282	128	128	169	173	212	214	267	299	178	200	239	241	294	305	266791.13	4046615.83
4S0192	102	115	160	160	193	193	240	240	292	294	117	119	165	173	234	234	282	282	128	128	169	173	212	216	267	297	200	202	239	241	294	294	266792.98	4046613.51
4S0191	110	115	160	160	193	193	238	240	288	292	99	99	165	169	232	234	286	286	126	128	169	173	212	216	250	250	200	200	239	241	294	294	266812.54	4046604.56
4S0190	110	115	160	160	193	193	238	240	277	277	99	117	165	165	232	234	282	282	128	128	169	169	216	216	254	299	178	178	239	241	294	305	266812.67	4046600.98
4S0188	102	115	160	160	193	193	238	238	277	288	117	117	165	171	234	234	282	286	122	126	169	169	216	216	297	297	200	202	239	239	294	294	266812.86	4046597.88
4S0187	115	117	160	160	193	193	238	240	277	277	99	117	169	169	234	234	282	286	122	126	169	173	212	216	251	297	178	200	239	243	288	294	266810.25	4046595.42
4S0186	102	106	160	160	193	193	240	240	277	277	117	117	169	171	234	234	282	284	110	124	169	179	212	216	297	297	200	202	239	239	294	294	266807.87	4046595.21
4S0184	115	115	160	160	193	193	238	238	288	288	99	117	169	169	234	234	282	282	128	128	169	179	212	216	297	297	202	202	239	239	294	294	266806.63	4046588.24
4S0189	110	115	160	160	193	193	240	244	277	288	99	99	169	169	232	232	286	286	124	126	169	169	216	216	250	254	200	200	241	241	294	294	266812.48	4046592.81
4S0182	102	110	160	160	193	193	238	240	277	288	99	117	169	169	234	234	282	286	128	128	169	169	214	216	250	297	202	208	239	239	294	294	266782.42	4046566.66
4S0185	102	115	160	160	193	193	238	240	277	288	99	117	165	165	234	234	282	286	122	126	169	173	218	230	251	297	178	200	239	243	288	294	266807.31	4046587.89
4S0183	102	115	160	160	193	193	238	240	277	277	99	117	165	169	232	232	282	282	122	124	169	173	212	230	251	297	178	200	241	243	288	294	266774.07	4046563.67
4S0181	102	117	160	160	193	193	240	240	288	288	99	119	165	171	234	234	282	286	128	128	169	185	216	216	250	267	200	208	239	241	294	294	266761.64	4046560.67
4S0180	115	119	160	160	193	193	240	244	277	277	117	119	165	173	236	236	282	286	128	128	173	173	212	216	267	299	200	202	239	241	294	294	266760.62	4046552.61
4S0178	102	115	160	160	193	193	240	240	277	288	99	99	165	173	234	234	282	286	122	124	179	185	216	216	250	250	200	202	239	239	294	294	266758.33	4046551.02
4S0179	101	115	160	160	193	193	238	238	277	277	117	117	154	165	234	234	282	286	122	122	169	169	216	218	297	297	178	200	239	239	294	294	266757.94	4046550.09
4S0879	101	119	160	160	193	193	238	244	277	288	99	117	165	169	234	234	282	286	122	122	169	169	216	218	250	297	178	202	239	239	294	294	266756.85	4046567.55
4S0880	115	115	160	160	193	193	238	240	277	277	99	117	165	169	234	234	286	286	122	122	169	169	216	216	297	297	178	200	239	239	288	294	266748.99	4046568.34
4S0176	102	115	160	160	193	193	238	240	277	277	117	117	154	169	234	234	282	286	110	122	169	169	216	216	297	297	178	200	239	239	294	294	266741.22	4046566.76
4S0175	115	121	160	160	193	193	238	240	277	288	99	117	165	169	232	232	282	282	122	128	173	179	216	216	254	267	200	202	241	241	294	294	266740.89	4046559.94
4S0169	106	115	160	160	193	193	238	240	277	277	117	117	169	171	232	236	282	282	110	128	169	179	216	216	297	299	200	200	239	241	288	294	266725.74	4046528.29
4S0168	115	117	160	160	193	193	238	238	277	292	117	117	165	165	234	234	282	286	122	126	169	173	216	216	297	297	200	200	239	239	294	294	266720.91	4046518.76
4S0167	102	115	160	160	193	193	238	240	277	288	99	117	169	169	234	234	282	286	110	128	169	179	212	216	250	297	200	200	239	239	294	294	266720.78	4046518.89
4S0170	115	115	160	160	193	193	238	240	277	277	117	117	165	165	234	234	282	286	122	126	169	185	216	216	297	297	200	200	239	239	294	294	266741.71	4046504.96
4S0166	97	97	160	160	193	193	238	240	277	277	117	117	171	171	234	234	286	286	122	128	169	173	216	216	297	299	178	200	239	239	294	294	266713.26	4046514.8
4S0165	97	97	160	164	193	193	238	240	292	294	117	119	154	165	234	234	286	286	128	128	169	169	212	216	267	297	178	178	239	241	294	294	266713.96	4046510.48
4S0164	110	115	160	160	193	193	238	238	277	292	99	99	165	169	232	234	282	282	122	128	169	185	216	216	254	297	200	208	239	241	294	294	266709.46	4046511.8
4S0878	115	117	160	160	193	193	238	240	277	277	99	119	165	169	234	234	286	286	122	128	169	179	212	216	267	297	200	200	239	241	294	294	266710.11	4046509.36
4S0163	97	115	160	160	193	193	238	238	277	277	117	119	165	171	234	234	286	286	122	126	169	173	216	216	267	297	200	200	239	241	294	294	266711.94	4046504.52
4S0162	102	110	160	160	193	193	238	240	288	292	99	117	169	169	234	234	282	286	128	128	169	169	216	216	250	297	178	202	239	239	294	294	266716.75	4046495.76
4S0160	115	115	160	160	193	193	238	238	277	277	99	117	154	165	234	236	282	286	122	122	169	169	216	216	297	297	200	200	239	239	294	294	266708.43	4046489.66
4S0159	115	115	160	160	193	193	240	240	288	288	99	99	154	165	232	236	286	286	122	128	179	185	212	214	250	299	200	200	239	241	294	294	266705.89	4046490.27
4S0161	101	117	160	160	193	193	238	240	288	292	117	119	154	169	234	234	286	288	122	128	169	169	212	212	265	267	178	200	239	241	294	294	266703.14	4046491.43
4S0877	115	117	160	160	193	193	238	238	277	292	117	119	165	169	234	234	282	286	124	126	169	169	216	216	267	297	200	200	239	241	294	294	266702.71	4046489.66
4S0171	97	115	160	160	193	193	238	240	277	277	99	119	169	171	234	234	286	286	122	128	169	173	212	216	250	267	200	200	239	241	294	294	266747.15	4046483.41
4S0172	97	117	160	160	193	193	238	240	277	292	117	119	154	171	234	234	286	286	122	128	169	173	212	216	267	297	178	200	239	241	294	294	266733.68	4046476.97
4S0173	117	117	160	160	193	193	238	240	277	277	117	119	165	171	234	234	282	282	122	128	185	185	212	212	267	297	200	200	239	241	294	294	266725.66	4046476.52
4S0174	115	115	160	160	193	193	238	238	277	277	117	117	165	173	234	234	282	286	110	122	173	173	216	230	297	297	200	200	239	239	288	294	266720.6	4046478.65
4S0158	115	117	160	160	193	193	238	238	277	288	117	119	165	165	236	236	282	286	128	128	169	173	214	216	267	299	177	200	239	241	294	294	266722.09	4046455.31
