Z0557	117	117	160	160	193	193	238	240	279	288	99	99	165	169	236	236	282	286	124	130	169	173	216	216	265	265	200	202	239	239	294	294	265215.34	4040585.17
Z0558	117	117	160	160	193	193	238	240	279	288	99	99	165	169	236	236	282	286	124	124	169	169	214	214	297	299	106	200	239	239	294	294	265242.09	4040608.59
Z0559	117	119	160	160	193	193	240	246	279	288	99	99	165	169	236	236	282	286	124	128	169	169	214	216	265	265	200	204	239	239	294	294	265246.69	4040608.33
Z0356	115	119	160	164	188	193	240	240	277	288	99	99	165	169	232	236	282	282	124	128	169	173	214	216	254	299	177	200	239	241	294	296	265406.3	4040668.35
Z0357	115	119	160	160	193	193	238	238	277	288	99	99	165	165	232	232	282	286	124	126	169	169	214	216	297	299	200	200	235	241	294	294	265407.02	4040668.81
Z0358	117	119	158	160	193	193	240	240	288	288	99	99	165	165	232	236	282	282	126	128	169	169	218	218	265	297	99	177	239	241	294	294	265409.13	4040669.48
Z0560	117	119	160	160	193	193	238	238	288	288	99	99	165	165	232	234	282	282	126	126	169	169	214	214	297	299	200	200	235	239	294	294	265432.78	4040675.77
Z0561	117	117	160	160	193	193	238	238	288	288	99	99	165	169	232	232	282	282	124	126	169	169	214	218	297	299	200	200	235	241	294	294	265449.91	4040681.74
Z0562	115	117	160	160	193	193	238	246	288	288	99	99	154	169	234	236	282	282	128	128	169	169	216	216	297	299	192	200	239	239	294	294	265458.67	4040683.7
Z0562mother	106	117	160	160	193	193	238	240	288	288	99	99	154	169	232	236	282	282	128	128	169	173	214	216	265	297	192	202	239	241	294	294	265458.67	4040683.7
Z0565	102	106	160	160	193	193	238	238	288	288	99	99	165	167	234	234	282	282	124	126	169	173	214	214	265	265	200	200	239	239	294	294	265475.05	4040686.91
Z0563	115	119	160	160	193	193	238	238	288	288	99	99	165	169	232	232	282	282	126	128	169	173	214	214	297	299	99	200	235	241	294	294	265476.5	4040692.19
Z0564	115	117	160	160	193	193	240	240	288	288	99	99	154	165	234	236	282	286	124	126	169	169	214	216	297	299	200	206	239	239	294	294	265478.95	4040692.44
Z0569	101	117	160	160	193	193	238	240	277	277	99	99	169	169	232	236	286	288	128	130	175	179	216	216	254	297	200	206	239	241	294	294	265481.67	4040696.43
Z0568	117	117	158	160	193	193	238	242	277	277	99	99	154	169	232	234	282	282	124	126	169	173	214	216	297	299	200	204	235	239	294	294	265483.83	4040699.74
Z0567	115	117	160	160	193	193	240	240	277	288	99	99	165	165	232	236	282	282	124	128	173	179	214	216	254	297	200	200	239	241	294	294	265478.77	4040702.79
Z0566	117	119	160	160	193	193	238	240	277	288	99	99	165	165	232	232	282	282	124	126	169	173	214	216	254	297	177	200	235	241	294	294	265481.05	4040703.29
Z0570	102	115	160	160	193	193	240	240	288	288	99	99	167	169	232	236	282	282	124	124	169	175	214	216	265	299	200	202	237	239	294	296	265486.17	4040711.15
Z0571	115	119	160	160	193	193	238	238	288	300	99	99	165	167	232	236	282	282	124	124	169	173	214	218	265	299	177	200	237	239	294	294	265492.02	4040711.29
Z0572	117	119	160	160	193	193	238	238	288	300	99	99	165	167	232	232	282	286	126	128	169	173	214	214	297	299	200	200	237	241	294	294	265492.04	4040711.68
Z0573	115	117	160	160	193	193	240	240	288	300	99	99	165	169	232	232	282	282	124	128	169	173	214	216	297	299	200	206	235	241	294	294	265493.03	4040716.81
Z0574	115	119	160	160	193	193	238	238	288	288	99	99	165	165	234	236	282	286	128	128	169	169	214	216	265	297	192	206	239	239	294	294	265497.5	4040719.99
Z0575	117	119	160	160	193	193	238	240	288	288	99	99	165	165	232	232	282	286	126	128	169	169	216	218	297	299	99	200	235	241	294	294	265499.66	4040717.84
Z0577	117	117	160	160	193	193	238	240	288	288	99	99	154	165	236	236	288	288	124	128	169	169	212	216	265	297	200	200	239	239	294	294	265501.72	4040719.14
Z0576	106	117	158	160	193	193	238	238	277	288	99	99	165	169	232	234	282	282	124	126	169	169	214	216	297	299	200	200	235	239	294	294	265503.74	4040716.8
Z0578	106	117	160	160	193	193	238	238	277	288	99	99	165	165	232	232	282	282	126	128	169	169	216	218	297	299	200	204	235	241	294	294	265507.42	4040722.21
Z0579	102	115	160	160	188	193	238	240	288	300	99	99	154	169	232	234	282	282	126	128	169	169	214	214	297	299	99	200	235	239	294	294	265526.2	4040730.56
Z0580	115	115	160	160	193	193	234	244	277	288	99	99	169	169	232	236	282	282	124	126	173	173	214	214	297	299	202	204	239	241	294	294	265539.71	4040731.76
Z0581	117	117	160	160	193	193	238	240	288	288	99	99	165	169	232	232	282	282	124	126	169	173	214	214	297	299	200	200	235	241	294	294	265541.95	4040733.53
Z0582	117	119	160	160	193	193	238	238	288	288	99	99	165	169	232	236	282	286	126	128	169	169	214	216	265	297	200	200	239	241	294	294	265545.13	4040733.11
Z0583	115	117	160	160	193	193	238	240	288	288	99	99	165	165	234	236	282	282	126	126	169	169	214	218	265	265	200	200	239	239	294	294	265557.49	4040735.67
Z0585	115	115	160	160	193	193	238	240	288	288	99	99	165	169	234	236	282	282	124	126	169	169	216	218	265	299	177	200	239	239	294	294	265585.01	4040742.95
Z0586	117	119	160	160	193	193	238	238	277	288	99	99	165	169	232	234	282	286	126	128	169	173	214	214	297	297	99	200	239	241	294	294	265584.82	4040746.01
Z0587	117	119	160	160	193	193	238	240	288	288	99	99	165	169	232	232	282	286	126	128	169	173	216	216	265	297	200	204	241	241	294	294	265590.54	4040748.66
Z0588	117	119	160	160	193	193	238	238	288	288	99	99	165	169	232	232	282	282	126	128	169	173	214	218	297	299	177	200	235	241	294	294	265618.52	4040759.53
Z0591	106	117	160	160	188	193	238	238	288	288	99	99	169	169	232	236	282	282	124	128	169	169	216	216	265	299	106	192	239	241	294	294	265622.62	4040754.57
Z0589	115	119	160	160	193	193	238	238	288	288	99	99	165	165	232	234	282	286	128	128	169	173	216	216	297	299	99	99	239	241	294	294	265623.29	4040756.15
Z0590	115	115	160	166	193	193	238	238	288	288	99	99	169	169	234	236	282	286	128	128	169	175	214	216	265	299	174	200	239	239	294	294	265626.51	4040753.03
Z0592	119	119	158	160	193	193	238	240	277	288	99	99	169	175	232	234	286	286	128	128	169	173	212	214	297	299	200	202	239	239	288	294	265625.94	4040756.5
Z0784	117	119	160	160	193	193	238	240	288	300	99	99	165	167	232	232	282	282	124	126	169	173	214	214	299	299	200	200	235	237	294	294	265629.57	4040758.39
Z0594	113	117	160	160	193	193	234	242	277	290	99	99	169	169	232	236	282	282	124	128	169	173	212	216	297	299	200	202	239	241	294	294	265631.54	4040758.14
Z0595	115	117	160	160	193	193	238	240	288	288	99	99	165	169	234	236	282	282	124	126	169	173	214	216	297	299	200	204	239	239	294	296	265632.53	4040758.35
Z0596	101	119	160	160	193	193	238	242	277	288	99	119	169	171	232	234	282	282	128	128	169	169	214	216	250	297	177	200	239	241	294	294	265633.94	4040758.04
Z0783	115	119	160	160	193	193	238	238	288	288	99	99	165	169	232	234	282	286	126	128	169	173	214	216	297	299	99	200	239	241	294	294	265635.7	4040754.5
Z0597	117	119	160	160	193	193	236	246	288	290	99	99	169	169	232	234	282	286	128	128	173	179	214	216	250	297	106	200	239	241	294	294	265636.78	4040759.42
Z0598	117	119	160	160	193	193	238	240	277	288	99	99	169	169	232	234	282	286	128	128	169	169	216	216	297	299	200	202	239	241	294	294	265631.21	4040765.02
Z0599	106	115	160	160	193	193	240	240	277	288	99	99	165	169	236	236	282	282	124	124	169	169	212	214	265	297	192	202	239	239	294	294	265637.39	4040762.2
Z0600	115	119	160	160	193	193	238	240	288	288	99	99	165	169	232	236	286	286	124	128	169	169	212	214	297	297	200	202	239	241	294	294	265638.43	4040762.4
Z0301	115	117	160	160	193	193	238	240	288	288	99	99	165	169	232	232	282	286	126	128	169	173	214	218	297	299	99	200	235	241	294	294	265639.38	4040762.07
Z0862	117	119	160	160	193	193	238	240	288	288	99	99	169	169	232	232	282	286	128	128	169	173	214	216	297	297	99	200	241	241	294	294	265637.09	4040767.44
Z0861	115	119	160	160	193	193	238	238	288	288	99	99	169	169	234	234	282	286	126	128	169	173	214	216	299	299	99	202	239	239	294	294	265640.37	4040769.03
Z0302	117	119	160	160	193	193	238	240	288	300	99	99	165	169	234	234	282	282	126	126	169	169	214	216	297	299	99	200	239	239	294	294	265648.36	4040760.19
Z0303	115	119	160	160	193	193	238	238	277	288	99	99	165	169	232	234	282	286	128	128	169	173	214	216	297	299	99	202	239	241	294	294	265653.55	4040766.02
Z0307	115	115	160	160	193	193	238	238	288	288	99	99	165	169	232	236	282	282	126	126	169	173	214	218	265	297	99	200	239	241	294	294	265655.23	4040767.96
Z0306	115	119	160	160	193	193	238	238	288	288	99	99	165	169	232	232	282	286	126	128	169	173	214	218	297	299	99	177	235	241	294	294	265656.56	4040768.24
Z0305	115	117	160	160	193	193	238	240	288	288	99	99	165	165	234	236	282	282	126	126	169	169	214	214	265	299	99	177	239	239	294	294	265658.19	4040767.04
Z0304	115	115	160	160	193	193	238	240	277	288	99	99	165	165	232	236	282	286	124	128	169	169	214	218	265	297	177	200	239	241	294	294	265658.51	4040768.82
Z0311	117	119	160	160	193	193	238	240	288	290	99	99	169	169	232	236	282	282	124	128	169	169	212	216	297	297	99	202	239	241	294	294	265661.09	4040768.18
Z0308	106	117	160	160	193	193	238	240	288	288	99	99	165	169	232	236	282	282	126	128	173	173	214	218	265	299	202	202	235	239	294	294	265664.21	4040768.98
Z0310	115	117	160	160	193	193	236	240	288	288	99	99	165	165	232	236	286	286	128	128	169	169	214	216	254	297	99	200	239	241	294	294	265663.94	4040770.43
Z0309	115	119	160	160	193	193	238	240	288	288	99	99	165	169	234	234	299	299	124	128	169	173	212	214	299	299	99	200	239	239	294	294	265664.6	4040770.55
Z0313	113	119	160	160	193	193	238	242	288	290	99	99	165	169	232	234	282	282	128	128	169	169	216	216	297	299	177	200	239	241	294	294	265669.94	4040774.48
Z0317	115	119	160	160	193	193	238	238	288	288	99	99	165	165	232	236	282	282	126	126	169	169	214	216	265	297	177	200	239	241	294	294	265671.28	4040772.84
Z0312	117	117	160	160	193	193	240	240	277	288	99	99	165	169	232	234	282	282	124	126	169	173	214	214	250	299	202	206	235	239	294	294	265671.53	4040769.75
Z0318	113	115	160	160	193	193	238	240	288	288	99	99	169	169	232	234	282	282	128	128	169	173	212	216	297	299	99	177	239	241	294	294	265675.37	4040776.33
Z0316	117	119	160	160	193	193	238	238	288	288	99	99	165	165	232	236	286	286	126	128	169	169	216	216	265	297	99	200	239	241	294	294	265675.04	4040774.63
Z0314	117	119	160	160	193	193	238	240	288	288	99	99	169	169	232	232	282	286	128	128	169	173	214	214	297	297	99	200	241	241	294	294	265675.95	4040771.75
Z0315	115	115	160	160	193	193	238	240	288	288	99	99	165	165	232	234	282	286	126	126	169	173	214	214	299	299	99	200	235	239	294	294	265677.4	4040770.53
Z0319	117	119	160	160	193	193	238	240	288	288	99	99	165	169	232	236	286	288	124	128	169	179	214	216	297	297	200	202	239	241	294	294	265685.57	4040775.26
Z0320	115	119	160	160	193	193	238	238	288	288	99	99	165	169	232	234	282	286	124	126	169	169	216	218	299	299	99	200	235	239	294	294	265688.23	4040771.19
Z0321	115	115	160	160	193	193	236	246	277	277	99	99	165	169	234	236	282	282	126	128	169	179	212	212	297	299	200	200	239	239	294	294	265689.77	4040772.41
Z0324	115	117	160	160	193	193	240	242	288	288	99	99	165	169	232	234	282	286	124	124	169	173	212	214	254	299	200	204	239	241	294	294	265694.26	4040781.73
Z0322	115	119	160	160	193	193	238	240	288	288	99	99	165	169	232	234	282	282	126	126	169	169	214	216	299	299	200	200	235	239	294	294	265693.62	4040784.95
Z0323	115	117	160	160	193	193	238	238	288	288	99	99	165	165	234	236	286	286	126	128	169	169	216	216	265	299	99	200	239	239	294	294	265693.68	4040785.6
Z0325	104	117	160	160	193	193	238	238	277	288	99	99	169	169	232	236	286	288	124	128	169	169	214	216	299	299	204	204	235	239	294	294	265689.25	4040787.37
Z0326	115	117	160	160	193	193	240	244	277	277	99	99	154	169	236	236	282	286	124	124	169	169	214	214	265	265	200	200	239	239	288	294	265704.13	4040788.13
Z0327	115	117	160	160	193	193	238	240	277	288	99	99	154	165	232	236	282	282	128	128	173	179	214	218	265	297	99	192	239	241	294	294	265707.14	4040786.79
Z0328	115	117	160	160	193	193	240	240	277	288	99	99	165	165	232	236	282	282	124	126	169	179	212	214	265	297	177	200	239	241	294	294	265708.58	4040785
Z0329	115	117	160	160	193	193	238	238	279	288	99	99	165	169	234	236	282	282	126	130	169	169	216	216	265	299	200	204	239	239	294	294	265719.48	4040790.16
Z0330	115	117	160	160	188	193	238	240	288	288	99	99	154	165	232	232	282	282	124	126	169	173	214	214	297	297	200	206	235	241	294	294	265719.53	4040793.31
Z0331	115	117	160	160	193	193	240	244	288	288	99	99	154	169	236	236	282	286	124	130	169	173	214	214	265	265	200	204	239	239	294	294	265720.19	4040792.97
Z0332	115	117	160	160	193	193	238	240	288	290	99	99	169	169	232	232	282	282	128	128	169	169	216	216	297	297	99	177	241	241	294	294	265724.42	4040795.71
Z0333	117	117	160	160	193	193	240	240	288	300	99	99	165	165	232	232	282	282	126	128	169	173	214	216	299	299	200	200	235	235	294	294	265724.88	4040796.81
Z0785	115	117	160	160	193	193	240	240	288	300	99	99	165	165	232	232	282	282	126	128	169	173	212	214	299	299	200	206	235	235	294	294	265727.38	4040789.37
Z0334	117	117	160	160	193	193	234	240	277	277	99	99	154	165	232	234	282	286	126	126	169	169	214	216	250	265	178	192	239	241	294	294	265729.37	4040795.85
Z0335	101	117	160	160	193	193	238	238	288	288	99	99	169	169	236	236	282	286	124	130	175	179	214	216	265	297	200	206	239	239	294	294	265731.56	4040800.14
Z0336	117	117	160	164	193	193	240	242	277	288	99	115	154	165	236	236	286	286	124	124	169	169	216	218	265	273	177	192	239	245	294	294	265734.59	4040801.19
Z0338	113	115	160	160	193	193	240	242	290	300	99	99	169	169	232	232	282	282	124	128	169	173	216	216	254	297	200	200	241	241	294	294	265742.77	4040800.83
Z0337	113	119	160	160	193	193	238	242	288	288	99	99	169	169	232	234	282	282	126	128	169	173	214	216	297	299	99	177	239	241	294	294	265742.97	4040801.55
Z0339	117	119	160	160	193	193	240	240	288	300	99	99	169	169	232	232	282	282	124	128	169	173	212	216	254	297	200	200	241	241	294	294	265747.49	4040806
Z0340	113	115	160	160	193	193	238	242	288	290	99	99	165	169	232	232	282	282	126	128	169	173	212	216	297	297	200	200	241	241	294	294	265749.93	4040806.64
Z0343	115	117	160	160	193	193	240	242	288	288	99	99	169	169	232	234	282	286	126	128	169	179	212	214	265	297	200	202	239	241	294	294	265759.71	4040801.57
Z0341	115	117	160	160	193	193	240	242	277	288	99	99	169	169	232	234	282	282	128	128	169	173	212	214	297	299	200	200	239	241	294	294	265762.85	4040807.54
Z0342	113	117	160	160	193	193	240	240	290	300	99	99	165	169	232	232	282	282	124	128	169	173	212	212	254	297	200	200	241	241	294	294	265773.8	4040790.62
Z0344	115	117	160	160	193	193	240	242	288	288	99	99	169	169	232	234	282	286	126	128	169	179	212	214	297	299	200	202	238	241	294	294	265776.97	4040788.93
Z0349	113	115	160	160	193	193	240	242	288	300	99	99	169	169	232	232	282	286	124	128	169	173	212	216	254	297	200	200	241	241	294	294	265786.6	4040805.13
Z0359	117	119	160	160	193	193	238	242	288	288	99	99	165	169	234	234	282	286	128	128	169	173	214	216	299	299	99	177	239	239	294	294	265794.16	4040809.3
Z0348	101	117	160	160	193	193	238	238	277	288	99	119	154	169	234	236	282	288	128	128	169	173	212	212	250	265	177	192	239	239	294	294	265790.91	4040800.6
Z0347	117	117	160	160	193	193	240	242	288	300	99	99	169	169	232	234	282	286	128	128	169	173	212	212	254	299	177	200	239	241	294	294	265793.23	4040799.74
Z0346	113	119	160	160	193	193	238	240	288	290	99	99	169	169	232	234	282	282	128	128	169	169	216	216	297	299	99	200	239	241	294	294	265793.87	4040795.95
Z0345	117	117	160	160	193	193	238	238	277	288	99	99	169	169	232	236	282	288	128	128	169	169	216	216	265	299	192	204	235	239	294	294	265790.93	4040794.36
Z0350	115	117	160	160	193	193	242	246	288	288	99	99	169	169	232	234	282	286	128	128	169	169	212	216	297	299	177	200	239	241	294	294	265793.91	4040792.29
Z0353	117	119	160	160	193	193	238	240	288	288	99	99	154	165	232	232	282	286	128	128	173	179	214	216	299	299	106	200	235	235	294	294	265796.16	4040792.73
Z0352	117	117	160	160	193	193	234	240	288	288	99	99	154	169	232	236	282	286	124	126	169	179	214	218	297	299	204	204	239	241	294	294	265797.35	4040799.8
Z0351	113	119	160	160	193	193	238	240	288	288	99	99	165	169	232	232	282	282	128	128	169	173	214	216	297	297	177	200	241	241	294	294	265798.94	4040798.77
Z0354	115	117	160	160	193	193	238	242	288	288	99	99	169	169	232	234	282	286	126	128	169	173	212	214	297	299	200	200	239	241	294	294	265799.68	4040798.02
Z0355	102	117	160	160	193	193	234	240	288	288	99	99	169	169	236	236	282	282	124	124	169	179	214	216	297	299	202	204	239	239	294	294	265799.54	4040796.25
Z0360	117	117	160	160	193	193	240	240	277	277	99	99	154	169	234	234	282	286	124	130	169	169	214	214	265	297	192	200	239	239	294	294	265807.85	4040794.15
Z0361	113	119	160	160	193	193	238	242	288	290	99	99	169	169	232	234	282	286	126	128	169	169	216	216	297	299	200	200	239	241	294	294	265818.22	4040794.5
Z0362	115	117	160	160	193	193	238	240	288	288	99	99	165	165	234	234	282	282	126	128	169	173	216	216	299	299	202	204	239	239	294	294	265818.44	4040791.89
Z0364	113	117	160	160	193	193	240	242	288	288	99	99	165	169	232	234	282	282	128	128	169	169	212	212	299	299	200	200	235	239	294	294	265821.45	4040790.43
Z0365	117	117	160	160	193	193	234	238	288	288	99	99	165	169	234	236	282	282	128	128	173	173	216	216	265	299	202	204	239	239	294	294	265821.95	4040797.33
Z0366	106	117	160	160	193	193	238	240	288	288	99	99	169	169	234	236	282	282	124	128	175	179	216	216	250	265	106	106	239	239	294	294	265839.58	4040762.43
Z0367	117	117	160	160	193	193	240	240	277	279	99	99	165	169	232	236	286	288	128	128	169	179	216	216	254	297	192	202	239	241	294	294	265840.41	4040758.73
Z0368	115	115	160	160	193	193	238	240	288	288	99	99	165	165	234	236	282	282	124	126	169	173	212	214	297	299	99	202	239	239	294	294	265847.75	4040759.73
Z0369	110	117	160	160	193	193	240	240	277	288	99	99	165	165	232	236	282	286	110	124	169	179	216	216	265	297	106	200	239	241	294	294	265893.39	4040731.99
Z0370	115	117	160	160	193	193	240	240	288	288	99	99	169	169	234	234	282	288	124	124	169	179	212	212	299	299	199	202	239	239	294	294	265955.32	4040711.13
Z0371	115	115	160	160	193	193	240	240	288	288	99	99	169	169	234	236	282	282	124	124	173	179	214	214	299	299	200	202	239	239	294	294	265959.31	4040714.8
Z0372	106	115	160	160	193	193	240	240	277	288	99	99	154	165	236	236	282	286	124	124	169	179	214	216	265	297	106	200	239	239	294	294	265965.1	4040731.41
Z0373	106	117	160	160	193	193	240	240	277	288	99	99	154	169	236	236	282	288	124	124	169	179	214	216	265	297	192	200	239	239	294	294	265960.61	4040731.22
Z0374	106	115	160	160	193	193	240	240	277	288	99	99	154	165	234	234	286	288	124	124	169	179	212	216	265	299	192	200	239	239	294	294	265960.72	4040736.19
Z0375	115	115	160	160	193	193	240	244	277	288	99	99	165	169	232	236	282	286	124	126	169	179	212	218	254	265	200	202	239	241	288	294	265966.77	4040736.97
Z0376	117	117	160	160	193	193	240	240	277	288	99	99	169	169	234	236	282	286	124	124	169	169	212	214	265	299	192	200	239	239	294	294	265960.5	4040740.84
Z0377	117	117	160	164	193	193	240	240	277	288	99	117	169	169	234	234	282	286	124	128	169	169	212	214	250	299	200	202	239	239	294	309	265969.52	4040744.93
Z0378	106	117	160	160	193	193	240	240	277	288	99	99	165	169	234	234	286	288	124	124	169	179	214	214	265	299	192	202	239	239	294	294	265974.97	4040709.9
Z0379	117	117	160	160	193	193	236	240	288	288	99	117	165	169	232	234	282	286	124	124	173	179	214	218	297	299	199	202	239	241	294	309	265977.59	4040707.38
Z0380	115	115	160	160	193	193	240	244	277	288	99	99	165	169	232	236	282	286	124	124	173	179	214	214	297	299	200	202	239	241	294	294	265972.88	4040704.39
Z0381	115	117	160	160	193	193	238	240	288	288	99	99	165	165	234	234	282	282	124	126	173	179	214	214	299	299	99	200	239	239	294	294	265976.36	4040708.16
Z0382	115	117	160	160	193	193	236	238	288	288	99	99	154	165	236	236	282	288	124	128	169	173	212	216	265	297	192	202	239	239	294	294	265963.94	4040693.59
Z0383	106	117	160	160	193	193	240	240	288	288	99	99	165	165	232	236	282	282	126	128	173	173	214	216	299	299	202	204	235	239	294	294	266038.53	4040640.48
Z0384	117	117	160	160	193	193	238	240	277	288	99	99	169	169	234	236	282	286	124	124	169	179	216	216	250	265	106	106	239	239	294	294	266093.08	4040598.55
Z0385	106	117	160	160	193	193	238	238	288	288	99	99	165	169	232	234	282	286	124	130	169	173	216	216	250	250	106	178	239	241	294	294	266107.22	4040584.36
Z0386	117	117	160	160	188	193	238	240	288	288	99	99	169	169	232	234	282	282	124	128	169	179	214	214	250	299	106	192	239	241	294	294	266152.95	4040592.19
Z0387	117	117	160	160	193	193	240	240	288	288	99	99	169	169	234	236	282	286	124	128	169	169	214	216	265	297	200	200	239	239	294	294	266154.28	4040588.12
Z0388	106	117	160	160	193	193	234	238	279	288	99	99	169	169	236	236	282	286	124	128	169	173	214	216	265	299	200	204	239	239	294	294	266163.81	4040568.95
Z0389	101	117	160	160	193	193	238	238	277	288	99	99	165	169	236	236	288	294	124	130	169	169	216	216	297	299	192	204	239	239	294	294	266180.96	4040577.79
Z0390	117	117	160	160	193	193	234	240	279	288	99	99	169	169	236	236	282	282	124	130	169	173	216	216	265	265	200	202	239	239	294	294	266220.89	4040566.57
Z0391	117	117	160	160	193	193	234	238	288	288	99	99	165	169	232	236	282	282	124	128	169	173	216	216	299	299	192	202	239	241	294	294	266217.49	4040559.03
Z0392	117	117	160	160	193	193	238	240	277	288	99	99	165	169	232	234	282	282	124	128	169	179	214	216	250	297	106	192	239	241	294	294	266230.83	4040550.53
Z0393	101	117	160	160	193	193	234	238	288	288	99	99	165	169	232	232	282	286	124	124	169	179	216	218	299	299	200	202	235	241	288	296	266237.38	4040547.59
Z0863	115	117	160	160	193	193	240	244	288	288	99	99	154	169	236	236	282	286	124	126	169	173	214	216	265	297	202	204	239	239	294	294	266244.78	4040563.16
Z0394	101	117	160	160	193	193	240	240	277	288	99	99	169	169	236	236	282	288	128	130	169	169	216	216	297	297	192	204	239	239	294	294	266250	4040552.37
Z0395	117	117	160	160	193	193	240	240	277	288	99	99	165	169	234	236	282	282	124	124	169	179	214	216	250	297	106	206	239	239	294	294	266267.65	4040557.86
Z0396	106	117	160	160	193	193	234	240	288	288	99	99	165	169	236	236	282	286	124	128	173	173	216	218	265	299	202	204	239	239	294	294	266267.71	4040555.29
Z0398	117	117	160	160	188	193	238	238	288	288	99	99	169	169	232	232	282	282	124	128	169	169	214	216	297	299	192	204	241	241	294	294	266272.11	4040550.56
Z0397	117	117	160	160	193	193	238	240	288	288	99	99	165	165	232	234	282	282	126	128	173	173	214	216	299	299	202	206	235	239	294	294	266273.46	4040555.58
Z0399	117	117	160	160	193	193	238	240	288	288	99	99	165	169	232	234	282	282	126	128	169	173	212	216	299	299	200	206	235	239	294	294	266281.05	4040555.9
Z0400	115	117	160	160	193	193	240	240	277	288	99	99	165	169	234	234	282	286	126	126	169	173	212	216	299	299	204	206	239	239	294	294	266280.52	4040559.27
Z0701	117	117	160	160	193	193	240	240	288	288	99	99	165	169	234	236	282	286	124	130	169	173	216	216	250	265	200	204	239	239	294	294	266282.57	4040555.96
Z0702	117	117	160	160	193	193	238	238	277	288	99	99	165	169	232	236	286	288	130	130	169	169	216	216	254	265	106	192	239	241	294	294	266285.16	4040555.67
Z0703	117	117	160	160	193	193	240	240	279	288	99	99	154	169	234	236	286	286	124	128	169	169	214	214	265	297	200	202	239	239	294	294	266331.91	4040527.24
Z0704	117	117	160	160	193	193	240	240	277	288	99	99	154	154	234	236	282	286	124	126	169	169	214	214	265	265	192	202	239	239	294	294	266334.74	4040536.44
Z0705	101	117	160	160	193	193	240	242	288	288	99	99	154	169	234	236	282	286	124	130	169	173	214	214	265	265	199	202	239	239	294	296	266338.75	4040533.48
Z0706	106	115	160	160	193	193	238	240	288	288	99	99	154	169	236	236	282	282	126	128	169	169	216	216	297	299	178	204	239	239	294	296	266347.1	4040537.79
Z0707	106	115	160	160	193	193	238	238	277	279	99	117	154	165	232	234	286	288	128	128	169	169	214	216	297	299	178	201	239	241	294	294	266352.11	4040541.09
Z0709	106	117	160	160	193	193	238	238	288	288	99	99	169	169	232	234	282	288	128	128	169	179	216	218	299	299	206	206	235	239	294	294	266350.15	4040549.64
Z0708	101	106	160	160	193	193	240	240	288	288	99	99	169	169	232	236	282	288	124	128	173	179	216	218	265	299	192	204	235	239	294	294	266352.43	4040550.43
Z0710	101	117	160	160	193	193	240	240	277	288	99	99	154	169	232	234	282	282	126	128	169	169	214	216	265	299	192	206	235	239	294	294	266356.71	4040542.92
Z0711	101	117	160	160	193	193	240	240	288	288	99	99	154	169	232	236	286	288	124	124	169	169	214	216	265	299	202	206	235	239	294	294	266365.64	4040543.33
Z0713	101	117	160	160	193	193	238	240	288	288	99	99	169	169	232	236	282	288	124	124	169	169	212	216	265	265	192	204	235	239	294	294	266371.9	4040533.78
Z0712	115	117	160	160	193	193	238	240	277	288	99	99	165	169	232	236	288	288	128	128	169	169	214	216	254	297	200	206	239	241	294	294	266372.07	4040533.4
Z0715	101	117	160	160	193	193	238	240	277	288	99	99	169	169	232	236	282	288	124	128	169	179	216	216	297	299	204	206	235	239	294	294	266372.04	4040530.38
Z0714	117	117	160	160	193	193	238	240	288	288	99	99	154	169	232	234	286	288	126	128	169	169	214	216	265	299	202	206	235	239	294	294	266378.51	4040535.45
Z0717	99	117	160	160	193	193	238	240	277	279	99	99	154	169	232	232	286	286	126	128	169	169	214	216	254	297	192	200	241	241	294	294	266379.96	4040537.4
Z0716	101	117	160	160	193	193	238	240	277	279	99	99	169	169	232	236	286	288	128	130	169	169	214	216	265	299	106	204	235	239	294	294	266380.65	4040537.48
Z0718	117	117	160	160	193	193	234	240	277	288	99	99	169	169	232	232	282	288	124	128	169	173	216	216	299	299	204	204	235	241	294	294	266381.62	4040541.63
Z0719	115	117	160	160	193	193	240	242	288	288	99	99	169	169	236	236	286	288	126	128	169	179	216	216	297	297	192	206	239	239	294	294	266385.96	4040540.81
Z0720	115	117	160	160	193	193	238	240	288	288	99	99	169	169	236	236	282	288	126	128	169	169	216	216	297	299	178	192	239	239	294	294	266386.2	4040544.77
Z0721	101	117	160	160	193	193	238	240	288	288	99	99	154	169	232	236	282	282	124	128	169	179	214	216	265	299	202	206	235	239	294	294	266390.92	4040552.43
Z0722	115	117	160	160	193	193	238	238	277	288	99	99	154	165	232	232	286	286	128	130	169	169	214	216	254	254	200	204	241	241	294	294	266393.61	4040555.42
Z0731	101	115	160	160	193	193	240	242	279	288	99	99	165	169	232	232	286	286	124	130	169	169	214	216	254	299	106	200	235	241	294	294	266430.73	4040475.36
Z0730	115	117	160	160	188	193	240	240	279	288	99	99	165	169	236	236	282	288	124	126	167	169	214	216	299	299	178	200	239	239	294	294	266433.71	4040478.46
Z0723	115	117	160	160	193	193	238	238	279	288	99	119	165	169	232	236	282	294	124	130	167	169	214	216	254	297	178	200	239	241	294	294	266434.24	4040482.65
Z0725	115	117	160	160	193	193	238	240	288	288	99	99	169	169	236	236	282	286	128	128	169	179	214	216	265	299	200	200	239	239	294	294	266435.39	4040482.37
Z0724	117	117	160	160	193	193	238	238	277	288	99	119	165	169	232	236	288	294	124	124	167	169	214	216	254	297	192	204	239	241	294	294	266435.68	4040482.31
Z0727	101	115	160	160	193	193	238	242	279	288	99	99	169	169	232	236	282	286	124	128	169	179	214	216	265	299	200	200	235	239	294	296	266436.54	4040481.35
Z0726	115	117	160	160	193	193	240	240	277	277	99	99	154	169	236	236	282	286	124	126	169	169	214	216	265	297	178	202	239	239	294	294	266436.53	4040479.96
Z0728	117	117	160	160	193	193	238	240	277	279	99	99	169	169	234	236	282	288	126	128	169	169	216	216	297	297	192	204	239	239	294	294	266437.91	4040479.89
Z0729	101	115	160	160	193	193	238	242	279	288	99	99	165	169	232	232	282	286	124	130	169	179	214	216	254	299	200	204	235	241	294	296	266438.11	4040479.92
Z0733	117	121	160	160	193	193	238	240	277	288	99	99	165	169	234	234	282	286	124	128	169	169	212	216	297	299	192	204	239	239	294	294	266442.38	4040483.47
Z0734	117	117	160	160	193	193	238	238	277	288	99	117	165	169	232	236	286	288	124	130	173	179	212	214	254	254	200	200	239	241	294	294	266446.86	4040483.54
Z0732	101	117	160	160	193	193	238	242	277	288	99	99	169	169	232	232	286	288	124	128	169	173	212	214	297	299	200	206	235	241	294	294	266443.79	4040489.09
Z0735	115	117	160	160	193	193	238	238	288	288	99	99	154	165	232	236	282	286	128	128	169	169	214	216	265	265	192	206	235	239	294	294	266449.84	4040487.45
Z0736	117	117	160	160	193	193	238	238	277	288	99	99	154	169	232	234	282	282	128	128	169	169	216	216	297	297	192	202	239	241	294	294	266449.71	4040488.3
Z0737	101	117	160	160	193	193	238	240	277	288	99	99	165	169	236	236	282	288	126	128	175	179	216	218	297	299	204	206	239	239	294	294	266449.86	4040488.28
Z0738	115	117	160	160	193	193	238	238	277	288	99	99	154	169	234	236	282	282	124	128	169	173	212	216	297	299	202	204	239	239	294	294	266452.49	4040487.56
Z0739	115	117	160	160	193	193	238	238	277	279	99	99	165	169	232	236	282	282	128	130	169	179	216	216	254	297	200	204	239	241	294	294	266455.08	4040487.69
Z0740	115	115	160	160	193	193	238	240	277	288	99	99	169	169	232	236	282	286	130	130	169	179	216	216	254	297	178	200	239	241	294	294	266457.07	4040485.65
Z0741	101	115	160	160	193	193	240	240	277	288	99	99	154	169	232	234	282	282	128	130	169	179	216	218	297	299	202	206	239	241	294	294	266459.14	4040483.76
Z0742	117	117	160	160	193	193	238	238	277	279	99	117	154	169	236	236	282	286	124	124	169	169	214	216	265	265	192	202	239	239	294	294	266461.42	4040483.61
Z0743	101	117	160	160	193	193	238	240	277	288	99	99	169	169	232	232	282	288	128	128	169	179	212	218	265	297	204	206	235	241	294	296	266465.07	4040481.23
Z0746	117	117	160	160	193	193	238	240	277	288	99	99	169	169	236	236	282	282	128	130	169	169	216	216	297	297	192	204	239	239	294	294	266469.19	4040480.52
Z0748	101	117	160	160	193	193	238	240	288	288	99	99	169	169	232	236	282	282	128	128	169	173	212	214	297	297	192	204	239	241	294	294	266469.83	4040482.52
Z0747	117	119	160	160	193	193	238	240	277	288	99	99	169	169	232	236	282	282	128	128	173	179	212	216	254	297	192	200	239	241	294	294	266470.32	4040483.21
Z0744	117	117	160	160	193	193	238	238	277	288	99	117	154	169	236	236	282	282	124	128	169	169	216	216	265	297	192	192	239	239	294	294	266467.22	4040485
Z0745	117	117	160	160	188	193	238	238	277	288	99	117	154	169	234	236	282	282	124	128	169	169	216	216	265	299	192	200	239	239	294	294	266469.35	4040485.88
Z0751	117	119	160	160	193	193	238	240	288	288	99	99	169	169	232	232	282	282	124	128	169	173	214	218	297	297	192	204	241	241	294	294	266471.05	4040485.73
Z0749	101	117	160	160	188	193	238	238	288	288	99	117	154	169	232	236	282	288	128	128	169	169	216	216	265	297	192	200	239	241	294	294	266474.09	4040487.92
Z0750	101	117	160	160	193	193	238	238	277	288	99	99	165	169	232	232	282	288	124	128	169	169	214	216	265	299	206	206	235	235	294	294	266481.08	4040490.62
Z0752	115	117	160	160	193	193	238	238	277	288	99	99	165	169	232	232	288	294	124	128	173	179	212	218	254	265	200	200	241	241	294	294	266491.08	4040490.37
Z0753	101	117	160	160	193	193	238	240	288	288	99	117	169	169	234	236	282	288	124	130	169	169	212	216	265	297	192	200	239	239	294	294	266492.76	4040490.31
Z0754	101	115	160	160	188	195	238	240	288	288	99	99	154	169	232	232	286	288	128	128	169	173	216	218	297	297	200	202	241	241	294	294	266492.56	4040492.26
Z0755	115	117	160	160	193	193	240	240	279	279	99	99	169	169	236	236	282	282	128	130	169	169	216	216	297	297	178	192	239	239	294	294	266496.38	4040491.72
Z0756	115	117	160	160	188	193	238	238	277	288	99	99	154	165	232	232	282	282	128	128	169	173	214	216	297	297	202	202	241	241	288	294	266495.71	4040487.54
Z0757	115	117	160	160	193	193	238	240	277	288	99	99	165	169	232	234	282	288	128	130	169	173	212	212	254	297	192	200	239	241	294	294	266498.66	4040489.65
Z0758	115	117	160	160	193	193	238	238	277	288	99	99	165	169	232	232	282	282	124	128	179	179	212	218	265	299	106	206	235	241	294	294	266498.96	4040489.64
Z0759	101	117	160	160	193	193	238	238	288	288	99	99	169	169	236	236	282	282	124	128	169	169	212	216	265	297	192	200	239	239	294	309	266503.43	4040493.01
Z0760	117	117	160	160	193	193	240	240	288	288	99	99	154	169	234	234	282	282	128	128	169	173	212	216	297	299	192	200	239	239	294	294	266533.17	4040500.41
Z0761	106	117	160	160	193	193	238	240	279	288	99	99	154	165	232	236	282	286	128	128	173	179	216	218	265	297	192	200	239	241	294	294	266538.22	4040499.22
Z0763	115	119	160	160	193	193	238	240	288	288	99	99	154	165	232	234	282	282	128	128	169	169	212	216	297	297	192	200	239	241	294	294	266539.17	4040500.75
Z0762	117	119	160	160	193	193	240	246	288	288	99	99	154	169	232	236	282	282	124	128	169	169	212	216	265	297	200	206	235	239	294	294	266539.36	4040500.73
Z0764	115	119	160	160	193	193	238	238	277	288	99	99	169	169	232	234	282	288	128	130	173	179	214	216	254	297	200	204	239	241	294	294	266540.76	4040505.67
Z0768	99	115	160	160	193	193	238	242	288	288	99	99	169	169	236	236	282	286	126	128	169	169	212	216	265	297	200	200	239	239	294	294	266543.4	4040506.4
Z0767	101	115	160	160	193	193	238	240	288	288	99	99	169	169	234	236	282	282	124	128	169	179	212	212	297	299	200	206	239	239	294	294	266546.99	4040503.11
Z0765	115	117	160	160	193	193	238	246	288	288	99	99	165	169	232	232	282	286	128	128	169	169	216	216	265	297	192	206	235	241	294	294	266543.98	4040504.49
Z0769	117	117	160	160	193	193	240	240	279	288	99	99	165	169	236	236	282	286	124	128	169	173	216	216	265	265	200	200	239	239	294	294	266544.71	4040507.71
Z0771	117	117	160	160	193	193	238	238	277	288	99	117	169	169	232	236	282	286	124	128	169	169	216	216	265	265	192	192	235	239	294	294	266544.73	4040509.38
Z0772	117	119	160	160	193	193	240	240	288	288	99	99	154	169	234	236	282	282	124	128	169	169	212	214	265	297	192	200	239	239	294	294	266553.24	4040506.06
Z0774	117	117	160	160	193	193	238	238	277	288	99	99	154	154	236	236	282	288	128	130	169	169	214	216	265	265	192	200	239	239	294	294	266560.5	4040507.46
Z0775	115	117	160	160	193	193	238	246	277	288	99	99	165	165	232	232	286	286	128	130	169	169	216	216	297	297	200	206	241	241	294	294	266553.11	4040511.1
Z0776	117	117	160	160	193	193	238	240	288	288	99	99	169	169	234	236	282	282	128	128	169	169	212	212	265	297	192	200	239	239	294	294	266560.02	4040512.61
Z0777	117	117	160	160	193	193	238	240	277	288	99	99	154	154	236	236	282	288	124	128	169	169	214	216	265	265	192	200	239	239	294	294	266559.91	4040512.7
Z0781	115	117	160	160	193	193	238	246	277	288	99	99	165	169	232	236	282	288	128	128	169	173	216	216	265	297	192	192	239	241	294	294	266560.33	4040520.29
Z0779	117	117	160	160	193	193	240	240	277	288	99	99	154	154	234	234	282	286	126	128	169	169	214	216	265	299	200	202	239	239	294	294	266560.99	4040520.54
Z0780	115	115	160	160	188	193	238	240	277	288	99	99	165	169	234	236	282	282	128	128	169	169	212	216	265	299	200	200	239	239	294	294	266561.81	4040522.83
Z0782	115	117	160	160	188	188	238	246	288	288	99	99	165	169	232	236	282	288	128	128	169	173	212	216	265	297	192	200	239	241	294	294	266563.84	4040524.68
