embryo	FamA103A	FamA103B	FamA12A	FamA12B	FamB102A	FamB102B	FamB101A	FamB101B	FamA110A	FamA110B	VicA125A	VicA125B	VicA7A	VicA7B	VicA116A	VicA116B	VicA3A	VicA3B	NedB7A	NedB7B	NedA104A	NedA104B	NedB106A	NedB106B	NedB4A	NedB4B	PetA8A	PetA8B	PetB8A	PetB8B	PetB9A	PetB9B
JV0853	99	119	160	160	193	193	238	246	288	288	99	115	169	169	236	236	282	286	124	124	169	175	212	216	251	299	200	200	239	239	294	294
JV0854	117	117	160	160	193	193	238	238	288	288	99	115	175	175	236	236	282	282	124	128	169	169	216	216	251	299	200	206	239	239	294	294
JV0852	117	119	160	160	193	193	238	238	277	277	115	115	165	175	236	236	282	282	124	124	169	169	216	216	251	265	200	206	239	239	294	294
JV0851	99	115	160	160	193	193	240	246	288	292	99	119	165	169	232	234	286	286	124	124	169	175	216	218	250	299	178	200	235	239	294	294
JV0855	99	117	160	160	193	193	238	238	277	288	99	119	154	169	234	236	282	286	124	124	169	175	216	218	250	265	200	200	239	239	294	294
JV0624	117	119	160	160	193	193	238	238	277	288	99	115	165	171	236	236	282	282	124	124	169	169	214	216	251	299	200	202	239	239	294	294
JV0622	117	117	160	160	193	193	238	240	288	288	99	115	165	169	232	236	282	286	124	128	169	175	216	218	251	299	178	200	235	239	288	294
JV0619	117	119	160	160	193	193	238	240	277	288	99	117	165	175	236	236	282	286	124	128	169	169	216	216	299	299	200	200	239	239	294	294
JV0620	101	119	158	160	193	193	240	240	288	288	99	99	169	175	234	236	286	286	124	124	169	173	212	216	299	299	200	200	239	239	294	294
JV0621	101	117	160	160	193	193	240	240	288	288	99	117	154	169	234	236	282	282	124	124	169	175	212	218	299	299	200	200	239	239	294	294
JV0618	117	117	160	160	188	193	238	238	277	277	99	115	169	175	236	236	282	282	124	128	169	175	216	216	265	299	200	200	239	239	294	294
JV0617	117	117	160	160	188	193	240	240	277	288	115	117	154	175	236	236	282	282	124	124	169	175	212	218	251	265	200	204	239	239	294	294
JV0616	119	119	158	160	193	193	240	246	288	288	99	99	165	175	234	234	286	286	124	124	169	173	216	216	299	299	200	200	239	239	294	294
JV0615	99	117	160	160	193	193	238	246	277	288	115	119	165	169	234	236	282	286	124	124	173	175	216	216	250	251	200	204	239	239	294	294
JV0614	99	117	160	160	193	193	238	240	288	288	99	117	165	169	234	236	286	286	124	124	169	169	212	216	254	299	200	200	239	239	288	294
JV0613	117	117	160	160	193	193	238	238	277	288	115	115	165	169	236	236	282	282	124	128	169	175	216	216	251	265	200	200	239	239	294	294
JV0612	117	119	160	160	193	193	238	238	288	288	115	115	165	165	236	236	282	282	122	124	169	175	216	216	251	265	200	202	239	239	294	294
JV0611	117	117	160	160	193	193	238	238	288	288	99	115	169	175	236	236	282	282	124	128	175	175	216	216	265	299	200	206	239	239	294	294
JV0610	117	119	160	160	188	193	238	240	277	288	115	115	165	169	236	236	282	282	124	124	169	169	216	216	251	265	200	200	239	239	294	294
JV0609	117	117	160	160	193	193	240	246	277	277	99	99	154	169	234	236	282	286	124	128	169	175	216	216	254	299	200	200	239	239	294	294
JV0608	117	119	160	160	193	193	238	240	277	288	99	115	169	169	232	236	282	282	124	124	169	169	212	216	265	297	200	204	239	241	294	294
JV0607	117	119	160	160	193	193	238	240	277	277	115	115	154	169	236	236	282	282	122	124	169	169	216	216	265	265	200	200	239	239	294	294
JV0604	117	119	160	160	193	193	238	238	277	288	99	115	165	165	236	236	282	282	124	128	169	175	216	216	265	299	200	200	239	239	294	294
JV0606	117	117	160	160	193	193	238	240	277	288	115	115	165	165	236	236	282	282	124	124	169	175	216	216	265	265	200	200	239	239	294	294
JV0605	117	119	160	160	193	193	238	238	277	277	115	115	165	165	236	236	282	282	124	124	169	175	216	216	265	265	200	200	239	239	294	294
JV0603	117	119	160	160	193	193	238	238	277	288	115	115	165	169	236	236	282	282	124	124	169	169	212	216	265	265	200	200	239	239	294	294
JV0602	117	119	160	160	193	193	238	238	277	288	99	115	169	169	236	236	282	282	122	124	169	175	216	216	251	299	200	202	239	239	294	294
JV0601	117	117	160	160	193	193	246	246	288	288	99	117	165	169	234	236	286	288	124	124	169	175	214	216	254	299	200	204	239	239	294	294
JV0800	119	119	160	160	193	193	238	238	277	288	115	115	169	169	236	236	282	282	124	124	169	169	216	216	251	265	200	204	239	239	294	294
JV0799	117	117	160	160	193	193	238	238	288	288	99	115	165	169	232	236	282	282	124	124	169	175	212	216	265	297	200	204	239	241	294	294
JV0798	117	119	160	160	193	193	238	238	277	277	115	115	165	169	236	236	282	282	124	124	169	175	216	216	251	265	200	200	239	239	294	294
JV0797	117	117	160	160	193	193	238	240	288	292	99	115	154	165	236	236	282	286	124	128	169	169	216	216	251	265	200	202	239	243	294	294
JV0796	117	119	160	160	193	193	240	242	288	288	115	119	165	165	234	236	282	286	122	124	169	169	216	216	250	265	200	200	239	239	294	294
JV0793	115	117	160	164	193	193	240	246	288	288	117	117	169	171	234	236	282	282	124	126	169	173	214	214	254	265	200	200	239	239	294	294
JV0792	117	117	160	160	193	193	238	240	277	288	115	117	165	169	236	236	282	282	124	124	169	169	216	218	265	265	200	200	239	239	294	294
JV0791	117	119	160	160	193	193	238	238	277	277	115	115	165	169	236	236	282	282	124	124	169	175	216	218	251	265	200	200	239	239	294	294
JV0788	119	119	160	160	193	193	238	238	277	288	99	115	165	175	236	236	282	282	128	128	169	169	216	216	265	299	200	200	239	239	294	294
JV0789	117	117	160	160	193	193	238	240	277	288	115	115	165	169	236	236	282	282	124	124	175	175	216	216	251	265	200	200	239	239	294	294
JV0787	119	119	160	160	193	193	238	238	277	288	115	115	165	165	236	236	282	282	124	128	169	175	212	216	265	265	200	200	239	239	294	294
JV0786	119	119	160	160	193	193	238	238	277	288	99	115	165	165	236	236	282	282	124	128	169	175	216	216	265	299	200	200	239	239	294	294
JV0605F01	117	119	160	160	193	193	238	238	277	277	115	115	165	165	236	236	282	282	124	128	169	169	216	216	265	265	200	200	239	239	294	294
JV0605F02	117	117	160	160	193	193	238	238	277	277	99	115	165	165	236	236	282	282	124	128	169	169	216	216	265	265	200	200	239	239	294	294
JV0605F03	119	119	160	160	193	193	238	238	277	277	99	115	165	165	236	236	282	282	124	124	169	169	216	216	265	265	200	200	239	239	294	294
JV0605F04	117	119	160	160	193	193	238	238	277	288	99	115	165	165	236	236	282	282	124	124	169	175	216	216	265	265	200	200	239	239	294	294
JV0605F05	102	119	160	160	193	193	238	240	277	288	115	117	165	165	236	236	282	282	122	124	169	179	216	216	254	265	200	200	239	239	294	294
JV0605F06	117	119	160	160	193	193	238	238	277	288	115	115	165	165	236	236	282	282	124	128	169	175	216	216	251	265	200	200	239	239	294	294
JV0605F07	117	119	160	160	193	193	238	240	277	288	115	115	165	165	236	236	282	286	124	124	169	169	216	216	265	265	200	200	239	239	294	294
JV0605F08	117	119	160	160	193	193	238	238	277	277	115	115	165	165	236	236	282	282	124	124	169	169	216	216	265	265	200	200	239	239	294	294
JV0605F09	119	119	160	160	193	193	238	240	277	288	115	119	165	165	234	236	282	282	124	128	169	175	216	216	250	265	200	200	239	239	294	294
JV0605F10	117	119	160	160	193	193	238	238	277	292	99	115	154	165	236	236	282	282	124	124	169	169	216	216	251	265	200	200	239	243	294	294
JV0605F11	117	119	160	160	193	193	238	238	277	277	115	115	165	165	236	236	282	282	124	128	169	175	212	216	265	265	200	200	239	239	294	294
JV0605F12	117	119	160	160	193	193	238	238	277	288	99	115	165	165	236	236	282	282	124	128	175	175	216	216	265	299	200	200	239	239	294	294
JV0605F13	117	119	160	160	193	193	238	240	277	277	115	115	165	169	236	236	282	282	124	124	169	175	216	216	251	265	200	200	239	239	294	294
JV0605F14	117	117	160	160	193	193	238	238	277	288	115	115	165	169	236	236	282	282	124	124	169	175	216	216	251	265	200	200	239	239	294	294
JV0605F15	117	119	160	160	193	193	238	238	277	288	115	115	165	169	236	236	282	282	124	124	169	169	216	216	265	265	200	200	239	239	294	294
JV0605F16	119	119	160	160	193	193	238	238	277	277	115	115	165	169	236	236	282	282	124	124	169	175	216	216	251	265	200	200	239	239	294	294
JV0605F17	117	117	160	160	193	193	238	240	277	277	115	115	165	165	236	236	282	282	124	124	175	175	216	216	265	265	200	200	239	239	294	294
JV0605F18	117	119	160	160	193	193	238	238	277	277	99	115	165	165	236	236	282	282	124	128	169	175	216	216	265	299	200	200	239	239	294	294
JV0605F19	119	119	160	160	193	193	238	238	277	277	115	115	165	169	236	236	282	282	124	124	169	175	216	216	265	265	200	204	239	239	294	294
JV0605F20	117	117	160	160	193	193	238	240	277	292	99	115	154	165	236	236	282	286	124	128	169	175	216	216	251	265	200	200	239	243	294	294
JV0605F21	117	117	160	160	193	193	238	246	277	288	99	115	165	165	234	236	282	286	124	124	169	175	216	218	265	299	200	204	239	239	294	294
JV0605F22	117	119	160	160	193	193	238	246	277	288	99	115	165	169	234	236	282	288	124	124	169	175	214	216	254	265	200	200	239	239	294	294
JV0605F23	117	117	160	160	193	193	238	238	277	277	115	115	165	165	236	236	282	282	124	124	169	169	216	216	265	265	200	200	239	239	294	294
JV0605F24	117	117	160	160	193	193	238	238	277	277	115	115	165	165	236	236	282	282	124	128	175	175	216	216	265	265	200	200	239	239	294	294
JV0605F25	117	117	160	160	193	193	238	238	277	292	115	115	165	165	0	0	282	286	124	124	169	169	216	216	265	265	200	200	239	239	294	294
JV0605F26	119	119	160	160	193	193	238	238	277	277	115	115	165	169	236	236	282	282	122	124	169	175	216	216	251	265	200	202	239	239	294	294
JV0605F27	117	119	160	160	193	193	238	238	277	288	115	115	165	169	236	236	282	282	124	124	169	175	216	216	265	265	200	200	239	239	294	294
JV0605F28	119	119	160	160	193	193	238	238	277	288	99	115	165	165	236	236	282	282	124	128	169	169	216	216	265	299	200	200	239	239	294	294
JV0605F29	117	119	160	160	193	193	238	238	277	277	99	115	165	165	236	236	282	282	124	128	169	175	216	216	265	299	200	200	239	239	294	294
JV0605F30	117	119	160	160	193	193	238	246	277	288	115	117	165	169	234	236	282	288	124	124	175	175	214	216	254	265	200	200	239	239	294	294
JV0607F01	119	119	160	160	193	193	238	238	277	288	99	115	154	165	236	236	282	282	122	128	169	175	216	216	265	299	200	200	239	239	294	294
JV0607F02	119	119	160	160	193	193	238	240	277	277	115	115	169	169	236	236	282	282	122	124	169	175	216	216	251	265	200	200	239	239	294	294
JV0607F03	119	119	160	160	193	193	238	238	277	288	99	115	165	169	236	236	282	282	124	128	169	169	216	216	265	299	200	200	239	239	294	294
JV0607F04	117	119	160	160	193	193	238	246	277	288	99	115	169	175	234	236	282	286	122	124	169	169	216	216	265	299	200	200	239	239	294	294
JV0607F05	117	119	160	160	193	193	238	240	277	288	115	119	154	165	236	236	282	282	124	124	169	169	212	216	265	265	200	200	239	239	294	294
JV0607F06	117	119	160	160	193	193	238	240	277	288	115	115	154	169	236	236	282	282	122	124	169	169	216	216	265	265	200	204	239	239	294	294
JV0607F07	117	117	160	160	193	193	238	240	277	288	115	115	165	169	236	236	282	282	122	124	169	175	216	216	265	265	200	200	239	239	294	294
JV0607F08	117	119	160	160	193	193	238	246	277	288	99	115	169	175	234	236	282	282	122	124	169	175	216	216	254	265	200	200	239	239	294	294
JV0607F09	117	119	160	160	193	193	238	240	277	288	99	115	165	169	236	236	282	282	124	128	169	175	216	216	265	299	200	200	239	239	294	294
JV0607F10	117	117	160	160	193	193	238	238	277	288	99	115	154	165	232	236	282	282	122	124	169	175	216	216	265	297	200	204	239	241	294	294
JV0607F11	117	119	160	160	193	193	238	240	277	288	115	115	169	169	236	236	282	282	124	124	169	169	212	216	265	265	200	200	239	239	294	294
JV0607F12	117	117	160	160	193	193	238	238	277	277	115	115	154	165	236	236	282	282	122	124	169	175	216	216	251	265	200	200	239	239	294	294
JV0607F13	117	119	160	160	193	193	238	238	277	277	115	115	154	165	236	236	282	282	122	124	169	175	216	216	265	265	200	200	239	239	294	294
JV0607F14	117	117	160	160	193	193	240	240	277	292	115	115	154	169	236	236	282	286	124	124	169	169	216	216	265	265	200	200	239	239	294	294
JV0607F15	117	117	160	160	193	193	238	238	277	288	99	115	154	154	236	236	282	282	122	128	169	169	216	216	251	265	200	202	239	243	294	294
JV0607F16	117	119	160	160	193	193	238	240	277	288	99	115	169	169	232	236	282	282	124	124	169	169	212	216	265	297	200	200	239	241	294	294
JV0607F17	117	117	160	160	193	193	238	240	277	277	115	115	154	169	236	236	282	282	122	128	169	169	216	216	265	265	200	200	239	239	294	294
JV0607F18	117	119	160	160	193	193	238	238	277	277	99	115	154	165	236	236	282	282	124	128	169	169	216	216	265	299	200	200	239	239	294	294
JV0607F19	117	119	160	160	193	193	238	240	277	292	115	115	165	169	236	236	282	286	122	124	169	169	216	216	265	265	200	200	239	239	294	294
JV0607F20	117	119	160	160	193	193	240	240	277	292	99	115	154	169	236	236	282	282	122	128	169	169	216	216	251	265	200	202	239	243	294	294
JV0607F21	117	117	160	160	193	193	240	240	277	288	115	117	169	171	236	236	282	282	124	124	169	169	216	218	265	265	200	200	239	239	294	294
JV0607F22	117	119	160	160	188	193	238	238	277	277	99	115	154	175	236	236	282	282	124	124	169	169	216	216	265	299	200	200	239	239	294	294
JV0607F23	117	117	160	160	193	193	238	238	277	288	99	115	154	169	232	236	282	282	124	124	169	175	216	216	265	297	200	204	239	241	294	294
JV0607F24	117	119	160	160	193	193	238	240	277	277	115	115	169	169	236	236	282	282	122	124	169	175	216	216	251	265	200	200	239	239	294	294
JV0607F25	117	119	160	160	193	193	238	238	277	288	99	115	154	169	232	236	282	286	122	128	169	175	216	216	265	299	178	200	235	239	288	294
JV0607F26	119	119	160	160	193	193	238	238	277	277	115	115	154	169	236	236	282	282	124	124	169	169	216	216	265	265	200	200	239	239	294	294
JV0607F27	117	119	160	160	193	193	238	240	277	288	115	119	165	169	234	236	282	282	122	124	169	169	212	216	250	265	200	200	239	239	294	294
JV0607F28	117	119	160	160	193	193	238	240	277	277	115	115	154	165	236	236	282	282	124	124	169	169	212	216	265	265	99	200	239	239	294	294
JV0607F29	117	119	160	160	193	193	238	240	277	292	99	115	154	165	236	236	282	286	122	128	169	169	216	216	251	265	200	202	239	243	294	294
JV0607F30	117	119	160	160	193	193	238	240	277	288	99	115	165	169	232	236	282	282	122	124	169	169	212	216	265	297	200	200	239	241	294	294
JV0612F01	117	117	160	160	193	193	238	238	288	288	115	115	165	165	236	236	282	282	124	124	169	175	216	216	251	265	200	202	239	239	294	294
JV0612F02	117	119	160	160	193	193	238	238	277	288	115	115	165	169	236	236	282	282	124	128	169	175	216	216	251	265	200	202	239	239	294	294
JV0612F03	117	119	160	160	193	193	238	240	288	288	115	115	165	165	236	236	282	282	122	128	169	169	216	218	251	265	200	202	239	239	294	294
JV0612F04	117	119	160	160	193	193	238	238	277	288	115	115	165	169	236	236	282	282	122	128	169	175	216	216	251	265	200	200	239	239	294	294
JV0612F05	117	119	160	160	193	193	238	238	288	288	115	115	165	165	236	236	282	282	124	128	169	169	216	216	251	251	200	200	239	239	294	294
JV0612F06	117	119	160	160	193	193	238	238	277	288	115	115	165	169	236	236	282	282	122	124	169	175	216	216	251	265	200	202	239	239	294	294
JV0612F07	117	119	160	160	193	193	238	240	288	288	99	115	165	169	236	236	282	286	122	124	175	179	216	216	254	265	200	202	239	239	294	294
JV0612F08	117	119	160	160	193	193	238	238	277	288	115	115	165	169	236	236	282	282	122	124	169	175	216	216	251	265	200	200	239	239	294	294
JV0612F09	117	119	160	160	193	193	238	238	288	288	115	115	165	165	236	236	282	282	124	128	169	169	216	216	251	251	200	202	239	239	294	294
JV0612F10	117	119	160	160	193	193	238	238	288	288	115	115	165	169	236	236	282	282	122	128	175	175	216	216	251	265	200	202	239	239	294	294
JV0612F11	117	119	160	160	193	193	238	238	277	288	115	115	165	165	236	236	282	282	122	124	169	175	216	216	251	265	200	202	239	239	294	294
JV0612F12	117	117	160	160	193	193	238	238	277	288	115	115	165	169	236	236	282	282	122	122	169	175	216	216	251	251	200	200	239	239	294	294
JV0612F13	117	117	160	160	193	193	238	238	288	288	115	115	165	165	236	236	282	282	124	124	169	175	216	216	251	265	200	202	239	239	294	294
JV0612F14	117	117	160	160	193	193	238	238	277	288	115	115	165	165	236	236	282	282	122	124	169	169	216	216	251	265	200	200	239	239	294	294
JV0612F15	117	119	160	160	193	193	238	238	288	288	115	115	165	169	236	236	282	282	124	124	175	175	216	216	251	251	200	202	239	239	294	294
JV0612F16	117	117	160	160	193	193	238	238	288	288	115	115	165	169	236	236	282	282	122	124	175	175	216	216	251	265	200	202	239	239	294	294
JV0612F17	117	117	160	160	193	193	238	238	288	288	115	115	165	169	236	236	282	282	122	128	169	175	216	216	251	265	200	202	239	239	294	294
JV0612F18	117	119	160	160	193	193	238	238	288	288	115	115	165	169	236	236	282	282	124	124	169	175	216	216	251	251	200	202	239	239	294	294
JV0612F19	117	119	160	160	193	193	238	238	288	288	115	115	165	175	236	236	282	282	124	128	169	175	216	216	251	299	200	200	239	239	294	294
JV0612F20	117	119	160	160	193	193	238	238	277	288	115	115	165	165	236	236	282	282	122	124	169	175	216	216	251	251	200	200	239	239	294	294
JV0612F21	117	117	160	160	193	193	238	238	277	288	115	115	165	169	236	236	282	282	124	124	169	175	216	216	251	251	200	202	239	239	294	294
JV0612F22	117	119	160	160	193	193	238	238	288	288	115	119	165	169	234	236	282	282	122	124	169	169	216	216	250	251	200	202	239	239	294	294
JV0612F23	119	119	160	160	193	193	238	238	277	288	115	119	165	165	234	236	282	282	124	124	169	169	216	216	250	265	200	202	239	239	294	294
JV0612F24	119	119	160	160	193	193	238	240	288	288	115	119	165	169	234	236	282	282	122	128	169	175	212	216	250	265	200	200	239	239	294	294
JV0612F25	119	119	160	160	193	193	238	238	288	288	115	119	165	169	234	236	282	282	122	124	169	169	216	216	250	265	200	202	239	239	294	294
JV0612F26	117	119	160	160	193	193	238	238	288	288	115	115	165	165	236	236	282	282	122	128	175	175	216	216	251	265	200	200	239	239	294	294
JV0612F27	117	117	160	160	193	193	238	238	277	288	115	115	165	169	236	236	282	282	124	128	169	169	216	216	251	265	200	200	239	239	294	294
JV0612F28	117	119	160	160	193	193	238	238	288	288	115	115	165	165	236	236	282	282	124	128	169	175	216	216	251	265	200	200	239	239	294	294
JV0612F29	117	119	160	160	193	193	238	238	288	288	115	115	165	169	236	236	282	282	122	124	175	175	216	216	251	251	200	200	239	239	294	294
JV0612F30	117	119	160	160	193	193	238	238	288	288	115	115	165	165	236	236	282	282	122	124	169	175	216	216	251	265	200	200	239	239	294	294
JV0624F01	115	119	160	160	193	193	238	246	288	292	99	115	165	169	232	236	282	286	124	124	169	169	216	216	299	299	178	202	235	239	294	294
JV0624F02	117	119	160	160	193	193	238	240	277	277	99	99	165	175	236	236	282	286	124	128	169	169	214	216	251	299	200	200	239	239	294	294
JV0624F03	115	117	160	160	193	193	238	246	288	288	115	119	169	171	234	236	282	286	124	124	169	169	216	218	250	299	200	200	239	239	294	294
JV0624F04	99	117	160	160	193	193	238	240	288	288	99	99	165	165	232	236	282	286	124	124	169	169	216	218	251	299	200	200	235	239	294	294
JV0624F05	117	119	160	160	193	193	238	238	288	288	99	117	165	171	236	236	282	286	124	124	169	169	214	216	251	299	200	202	239	239	294	294
JV0624F06	117	119	160	160	193	193	238	240	288	288	99	117	165	169	236	236	282	282	124	124	169	169	214	218	251	299	200	200	239	239	294	294
JV0624F07	99	119	160	160	193	193	238	238	277	288	115	115	169	171	236	236	282	286	124	124	169	169	214	216	299	299	200	200	239	239	294	294
JV0624F08	99	117	160	160	193	193	238	240	277	292	99	119	165	171	232	236	282	286	124	124	169	169	216	218	251	299	200	200	235	239	294	294
JV0624F09	117	119	160	160	193	193	238	240	288	288	99	115	165	171	232	236	282	282	124	128	169	169	216	216	299	299	200	200	235	239	288	294
JV0624F10	117	119	160	160	193	193	238	238	288	288	99	99	165	171	236	236	282	282	124	128	169	169	214	216	251	299	200	200	239	239	294	294
JV0624F11	117	119	160	160	193	193	238	238	277	288	99	99	165	171	236	236	282	286	124	128	169	169	214	216	251	299	200	202	239	239	294	294
JV0624F12	115	117	160	160	193	193	238	240	288	292	99	99	165	165	232	236	282	286	124	124	169	175	214	216	251	299	178	200	235	239	294	294
JV0624F18	117	117	160	160	193	193	238	238	277	277	99	115	171	175	236	236	282	282	124	124	169	175	214	216	251	265	200	200	239	239	294	294
JV0624F19	99	119	160	160	193	193	238	246	277	292	99	119	165	169	234	236	282	286	124	124	169	175	214	216	250	251	200	202	239	239	294	294
JV0624F20	99	117	160	160	193	193	238	246	277	288	99	119	169	171	234	236	282	286	124	124	169	169	216	218	250	251	200	200	239	239	294	294
JV0624F21	117	119	160	160	193	193	238	238	277	277	115	115	171	175	236	236	282	282	124	124	169	175	216	216	265	299	200	200	239	239	294	294
JV0624F22	117	117	160	160	193	193	238	240	288	288	99	117	165	169	236	236	282	282	124	124	169	169	214	216	251	299	200	200	239	239	294	294
JV0624F23	117	117	160	160	193	193	238	240	288	288	99	115	169	171	236	236	282	286	124	124	169	173	212	214	299	299	200	204	239	239	294	294
JV0624F24	117	119	160	160	193	193	238	246	288	288	115	119	165	171	234	236	282	286	124	124	169	169	214	216	250	299	200	202	239	239	294	294
JV0624F25	117	117	160	160	188	193	238	238	277	277	99	115	169	171	236	236	282	282	124	124	169	169	214	216	251	265	200	200	239	239	294	294
JV0624F26	117	119	160	160	193	193	238	240	277	277	99	117	154	171	236	236	282	282	124	124	169	169	216	216	251	299	200	202	239	239	294	294
JV0624F27	117	117	160	160	193	193	238	240	288	288	115	115	165	165	236	236	282	286	124	124	169	169	214	218	251	299	178	202	239	239	288	294
JV0624F28	115	119	160	160	193	193	238	246	277	288	99	99	165	171	232	236	282	286	124	124	169	175	216	216	251	299	200	202	235	239	294	294
JV0624F29	99	119	160	160	193	193	238	246	277	288	99	99	165	171	232	236	282	286	124	124	169	169	216	216	251	299	200	200	235	239	294	294
JV0624F30	119	119	160	160	193	193	238	238	277	288	99	115	165	171	236	236	282	286	124	124	169	169	214	216	299	299	200	202	239	239	294	294
JV0786F01	117	119	160	160	193	193	238	246	288	288	99	119	165	165	234	236	282	282	124	124	169	173	216	216	250	299	200	204	239	239	294	294
JV0786F02	119	119	160	160	193	193	238	238	277	277	99	115	165	165	236	236	282	282	128	128	169	175	216	216	265	265	200	200	239	239	294	294
JV0786F03	119	119	160	160	193	193	238	238	277	288	99	115	165	165	236	236	282	282	124	128	169	169	212	216	265	299	200	200	239	239	294	294
JV0786F04	119	119	160	160	193	193	238	238	277	288	99	115	165	165	236	236	282	282	124	128	175	175	216	216	265	299	200	200	239	239	294	294
JV0786F05	117	119	160	160	193	193	238	238	288	288	115	115	165	169	236	236	282	282	124	128	169	175	216	216	265	265	200	200	239	239	294	294
JV0786F06	119	119	160	160	193	193	238	238	277	277	115	115	165	165	236	236	282	282	124	128	169	169	212	216	265	265	200	200	239	239	294	294
JV0786F07	119	119	160	160	193	193	238	238	277	288	115	115	165	165	236	236	282	282	124	124	169	175	212	216	265	265	200	200	239	239	294	294
JV0786F08	119	119	160	160	193	193	238	238	277	288	115	115	165	165	236	236	282	282	124	128	169	169	212	216	265	265	200	200	239	239	294	294
JV0786F09	119	119	160	160	193	193	238	238	277	288	99	115	165	165	236	236	282	282	128	128	169	175	212	216	265	299	200	200	239	239	294	294
JV0786F10	119	119	160	160	193	193	238	238	277	288	99	115	165	165	236	236	282	282	124	128	175	175	216	216	265	299	200	200	239	239	294	294
JV0786F11	115	119	160	160	188	193	238	246	277	288	99	117	165	171	236	236	282	286	124	128	169	179	216	216	299	299	200	200	239	239	294	294
JV0786F12	117	119	160	160	193	193	238	238	277	288	99	115	165	169	236	236	282	282	124	124	175	175	216	216	265	299	200	202	239	239	294	294
JV0786F13	119	119	160	160	193	193	238	238	277	288	115	115	165	165	236	236	282	282	124	128	169	169	212	216	265	265	200	200	239	239	294	294
JV0786F14	119	119	160	160	193	193	238	238	288	288	99	115	165	165	236	236	282	282	124	124	175	175	216	216	265	299	200	200	239	239	294	294
JV0786F15	115	119	160	160	193	193	238	238	277	288	115	119	165	165	232	236	282	282	124	128	169	169	212	216	250	265	200	200	239	241	288	294
JV0786F16	115	119	160	160	193	193	238	240	277	288	115	119	165	171	232	236	282	286	124	128	169	169	216	218	250	265	200	200	239	241	288	294
JV0786F17	115	119	160	160	193	193	238	246	0	0	115	117	165	165	232	236	282	286	124	124	169	175	216	218	251	265	200	200	239	239	294	294
JV0786F18	119	119	160	160	193	193	238	238	277	288	99	115	165	165	236	236	282	282	124	124	169	169	212	216	265	299	200	200	239	239	294	294
JV0786F19	117	119	160	160	193	193	238	238	277	288	115	115	154	165	236	236	282	282	124	124	169	175	216	218	265	265	200	200	239	239	294	294
JV0786F20	119	119	160	160	193	193	238	238	277	288	115	115	165	165	236	236	282	282	124	124	175	175	216	216	265	299	200	200	239	239	294	294
JV0786F21	119	119	160	160	193	193	238	238	288	288	99	115	165	165	236	236	282	282	128	128	169	175	216	216	265	299	200	200	239	239	294	294
JV0786F22	102	119	160	160	193	193	238	238	277	288	99	115	165	169	232	236	282	288	124	128	169	169	212	216	250	265	200	200	239	241	294	294
JV0786F23	119	119	160	160	193	193	238	238	277	288	99	115	165	165	236	236	282	282	124	128	175	175	216	216	265	299	200	200	239	239	294	294
JV0786F24	119	119	160	160	193	193	238	242	277	288	99	115	165	169	236	236	282	282	124	124	175	175	216	216	265	299	200	202	239	239	294	294
JV0786F25	119	119	160	160	193	193	238	238	277	288	99	115	165	165	236	236	282	282	128	128	169	175	212	216	265	299	200	200	239	239	294	294
JV0786F26	119	119	160	160	193	193	238	238	277	288	115	115	165	165	236	236	282	282	124	124	175	175	216	216	265	265	200	200	239	239	294	294
JV0786F27	117	119	160	160	193	193	238	238	277	288	115	115	165	169	236	236	282	282	122	124	169	175	216	218	265	265	200	202	239	239	294	294
JV0786F28	119	119	160	160	193	193	238	238	277	288	99	115	165	165	236	236	282	282	124	128	175	175	212	216	265	299	200	200	239	239	294	294
JV0786F29	119	119	160	160	193	193	238	242	277	277	115	115	165	175	236	236	282	282	122	124	175	175	216	216	265	265	200	202	239	239	294	294
JV0786F30	119	119	160	160	193	193	238	238	277	288	115	115	165	169	236	236	282	282	122	124	169	175	216	216	265	265	200	202	239	239	294	294
JV0787F01	117	119	160	160	193	193	238	238	277	288	115	115	165	165	236	236	282	282	124	128	169	169	212	218	251	265	200	200	239	239	294	294
JV0787F02	119	119	160	160	193	193	238	238	277	277	115	115	165	165	236	236	282	282	124	128	169	175	216	216	265	265	200	200	239	239	294	294
JV0787F03	119	119	160	160	193	193	238	238	277	288	99	115	165	165	236	236	282	282	128	128	169	175	216	216	265	299	200	200	239	239	294	294
JV0787F04	117	119	160	160	193	193	238	240	288	288	115	115	165	169	236	236	282	282	124	128	169	175	212	216	251	265	200	200	239	239	294	294
JV0787F05	117	119	160	160	193	193	238	240	288	288	115	115	165	169	236	236	282	282	124	124	175	175	216	216	251	265	200	200	239	239	294	294
JV0787F06	119	119	160	160	193	193	238	238	288	288	115	115	165	165	236	236	282	282	128	128	169	169	212	216	265	265	200	200	239	239	294	294
JV0787F07	117	119	160	160	193	193	238	238	277	288	115	115	165	169	236	236	282	282	124	124	175	175	216	216	251	265	200	200	239	239	294	294
JV0787F08	119	119	160	160	193	193	238	240	288	288	115	115	165	169	236	236	282	282	124	128	169	169	212	212	265	265	200	200	239	239	294	294
JV0787F09	119	119	160	160	193	193	238	238	277	288	99	115	165	165	236	236	282	282	128	128	169	175	216	216	265	265	200	200	239	239	294	294
JV0787F10	117	119	160	160	193	193	238	242	277	288	115	117	165	169	236	236	282	282	124	124	173	175	216	218	254	265	200	200	239	239	294	294
JV0787F11	117	119	160	160	193	193	238	240	288	292	99	115	165	165	236	236	282	286	128	128	169	169	216	216	251	265	200	200	239	243	294	294
JV0787F12	119	119	160	160	193	193	238	238	277	288	99	115	165	165	236	236	282	282	124	128	169	169	212	216	265	299	200	200	239	239	294	294
JV0787F13	117	119	160	160	193	193	238	238	288	288	115	115	165	169	236	236	282	282	124	124	175	175	216	216	265	265	200	200	239	239	294	294
JV0787F14	117	119	160	160	193	193	238	240	277	277	115	115	165	165	236	236	282	282	124	128	175	175	216	216	251	265	200	200	239	239	294	294
JV0787F15	119	119	160	160	193	193	238	238	277	288	99	115	165	165	236	236	282	282	124	128	175	175	216	216	265	299	200	200	239	239	294	294
JV0787F16	119	119	160	160	193	193	238	238	277	277	115	115	165	165	236	236	282	282	124	128	169	175	212	216	251	265	200	200	239	239	294	294
JV0787F17	119	119	160	160	193	193	238	238	277	288	115	115	165	165	236	236	282	282	124	128	175	175	212	216	265	265	200	200	239	239	294	294
JV0787F18	119	119	160	160	193	193	238	238	277	288	115	115	165	165	236	236	282	282	128	128	169	169	216	216	265	265	200	200	239	239	294	294
JV0787F19	117	119	160	160	193	193	238	240	277	288	115	115	165	165	236	236	282	282	124	124	169	175	212	216	251	265	200	200	239	239	294	294
JV0787F20	101	119	160	160	193	193	238	238	277	288	115	117	165	165	236	236	282	282	124	126	169	175	214	216	254	265	200	200	239	239	294	294
JV0787F21	119	119	160	160	193	193	238	238	288	288	115	115	165	165	236	236	282	282	124	128	169	175	216	216	265	265	200	200	239	239	294	294
JV0787F22	117	119	160	160	193	193	238	238	277	277	115	115	165	165	236	236	282	282	124	124	169	175	212	216	265	265	200	200	239	239	294	294
JV0787F23	117	119	160	160	193	193	238	238	277	288	115	115	165	165	236	236	282	282	124	124	175	175	216	216	265	265	200	200	239	239	294	294
JV0787F24	119	119	160	160	193	193	238	238	288	288	99	115	165	165	236	236	282	282	124	124	175	175	216	216	265	299	200	200	239	239	294	294
JV0787F25	117	119	160	160	193	193	238	238	277	277	115	115	165	165	236	236	282	282	124	124	175	175	216	216	265	265	200	200	239	239	294	294
JV0787F26	117	119	160	160	193	193	238	238	277	288	115	117	165	165	234	236	282	286	124	124	169	175	216	216	250	265	106	200	239	239	294	294
JV0787F27	117	119	160	160	193	193	238	238	288	288	115	115	165	169	236	236	282	282	124	124	175	175	212	216	265	265	200	200	239	239	294	294
JV0787F28	119	119	160	160	193	193	238	238	277	288	115	115	165	165	236	236	282	282	124	128	169	175	216	216	265	265	200	200	239	239	294	294
JV0787F29	119	119	160	160	193	193	238	238	288	288	115	115	165	165	236	236	282	282	128	128	175	175	216	216	265	299	200	200	239	239	294	294
JV0787F30	117	119	160	160	193	193	238	238	288	288	115	115	165	169	236	236	282	282	124	124	175	175	216	216	251	265	200	200	239	239	294	294
JV0853F01	119	119	160	160	193	193	238	246	277	288	99	115	169	175	236	236	282	286	124	124	169	169	216	216	251	299	200	206	239	239	294	294
JV0853F02	119	119	160	160	193	193	238	246	277	288	99	115	169	175	236	236	282	286	124	124	169	175	212	216	251	299	200	206	239	239	294	294
JV0853F03	117	119	160	160	193	193	238	238	277	288	99	115	169	175	236	236	282	282	124	124	169	175	212	216	265	299	200	206	239	239	294	294
JV0853F04	99	119	160	160	193	193	238	238	277	288	99	115	165	169	236	236	282	282	124	124	169	169	216	216	251	299	200	200	239	239	294	294
JV0853F05	117	119	160	160	193	193	238	238	277	288	115	115	165	169	236	236	282	282	124	124	169	169	216	216	251	251	200	200	239	239	294	294
JV0853F06	99	119	160	160	193	193	238	238	288	288	99	115	165	169	236	236	282	286	124	124	169	169	216	216	251	251	200	200	239	239	294	294
JV0853F07	99	119	160	160	193	193	238	246	277	288	115	115	169	171	236	236	282	282	124	124	169	169	216	216	251	299	200	202	239	239	294	294
JV0853F08	117	119	160	160	193	193	238	238	277	288	99	115	165	169	236	236	282	286	124	124	169	175	212	216	251	299	200	200	239	239	294	294
JV0853F09	117	119	160	160	193	193	238	246	277	288	99	99	165	169	236	236	282	286	124	124	169	169	216	216	251	299	200	200	239	239	294	294
JV0853F10	99	117	160	160	193	193	238	238	277	288	115	115	165	169	236	236	282	286	124	124	169	169	216	216	251	265	200	206	239	239	294	294
JV0853F11	99	117	160	160	193	193	238	246	277	288	115	115	165	169	236	236	282	286	124	124	169	175	212	216	251	251	200	206	239	239	294	294
JV0853F12	99	117	160	160	193	193	238	246	277	288	99	115	169	175	236	236	282	286	124	124	169	175	212	216	251	299	200	206	239	239	294	294
JV0853F13	117	119	160	160	193	193	238	246	288	288	99	117	169	175	236	236	286	286	124	124	175	175	212	218	299	299	200	200	239	239	294	294
JV0853F14	99	117	160	160	193	193	238	238	277	288	115	115	169	175	236	236	282	282	124	124	169	169	212	216	251	265	200	200	239	239	294	294
JV0853F15	117	119	160	160	193	193	238	246	277	288	115	115	165	169	236	236	282	282	124	124	169	175	212	216	251	251	200	200	239	239	294	294
JV0853F16	119	119	160	160	193	193	238	238	277	288	99	115	165	169	236	236	282	282	124	124	169	169	216	216	251	299	200	206	239	239	294	294
JV0853F17	99	117	160	160	193	193	238	246	277	288	99	115	165	169	236	236	282	286	124	124	169	169	216	216	265	299	200	206	239	239	294	294
JV0853F18	117	119	160	160	193	193	238	246	277	288	115	115	169	175	236	236	282	282	124	124	169	169	216	216	251	265	200	200	239	239	294	294
JV0853F19	119	119	160	160	193	193	238	238	277	288	115	115	169	175	236	236	282	282	124	124	169	169	216	216	251	251	200	200	239	239	294	294
JV0853F20	119	119	160	160	193	193	238	238	277	288	99	115	169	175	236	236	282	282	124	124	169	175	212	216	265	299	200	206	239	239	294	294
JV0853F21	119	119	160	160	193	193	238	238	277	288	115	115	165	169	236	236	282	286	124	124	169	175	216	216	251	251	200	206	239	239	294	294
JV0853F22	99	117	160	160	193	193	238	238	277	288	99	115	165	169	236	236	282	286	124	124	169	175	212	216	251	299	200	200	239	239	294	294
JV0853F23	99	117	160	160	193	193	238	246	277	288	115	115	169	175	236	236	282	282	124	124	169	175	212	216	251	251	200	200	239	239	294	294
JV0853F24	119	119	160	160	193	193	238	246	277	288	115	115	169	175	236	236	282	286	124	124	169	169	212	216	251	265	200	206	239	239	294	294
JV0853F25	119	119	160	160	193	193	238	238	277	288	99	115	169	175	236	236	282	282	124	124	169	169	212	216	251	299	200	206	239	239	294	294
JV0853F26	117	119	160	160	193	193	238	246	288	288	115	115	154	169	236	236	282	282	124	124	175	175	212	218	251	265	200	206	239	239	294	294
JV0853F27	99	117	160	160	193	193	238	246	277	288	99	115	165	169	236	236	282	286	124	124	169	169	216	216	265	299	200	200	239	239	294	294
JV0853F28	117	119	160	160	193	193	238	246	277	288	99	99	165	169	236	236	282	286	124	124	169	175	212	214	251	299	200	202	239	239	294	294
JV0853F29	99	119	160	160	193	193	238	238	277	288	115	115	169	175	236	236	282	282	124	124	169	169	216	216	251	250	200	206	239	239	294	294
JV0853F30	117	119	160	160	193	193	238	238	277	288	99	115	165	169	236	236	282	286	124	124	169	175	212	216	251	299	200	206	239	239	294	294
